51211206338	0.001256281407035176
09289468230	0.001256281407035176
09093452692	0.001256281407035176
92111501574	0.001256281407035176
42479535820	0.001256281407035176
09203578082	0.001256281407035176
09186016157	0.001256281407035176
09213875245	0.001256281407035176
09223009204	0.001256281407035176
18696731996	0.001256281407035176
14327717588	0.001256281407035176
09072342082	0.001256281407035176
49425060009	0.001256281407035176
01434320385	0.001256281407035176
49123200135	0.001256281407035176
05555113570	0.001256281407035176
05369655065	0.001256281407035176
89081270652	0.001256281407035176
09107463517	0.001256281407035176
93120608116	0.001256281407035176
07943600561	0.001256281407035176
09085007137	0.001256281407035176
90082758347	0.001256281407035176
05466084964	0.001256281407035176
09194780438	0.001256281407035176
32621619526	0.001256281407035176
04129570541	0.001256281407035176
07762473824	0.001256281407035176
09156005874	0.001256281407035176
06507507136	0.001256281407035176
01542839873	0.001256281407035176
08568969428	0.001256281407035176
09215336612	0.001256281407035176
09194187926	0.001256281407035176
09224094968	0.001256281407035176
09289908010	0.001256281407035176
02776410521	0.001256281407035176
48010810288	0.001256281407035176
09264883897	0.001256281407035176
09106041481	0.001256281407035176
09192488593	0.001256281407035176
00117077230	0.001256281407035176
09084546232	0.001256281407035176
08007696969	0.001256281407035176
01215808455	0.001256281407035176
09186149119	0.001256281407035176
09103797492	0.001256281407035176
19111989321	0.001256281407035176
41011623604	0.001256281407035176
09107521123	0.001256281407035176
09212646449	0.001256281407035176
05376000698	0.001256281407035176
09063198657	0.001256281407035176
09194478943	0.001256281407035176
01190041888	0.001256281407035176
31277334435	0.001256281407035176
09162314455	0.001256281407035176
89462432198	0.001256281407035176
09227033891	0.001256281407035176
78945661230	0.001256281407035176
01035214890	0.001256281407035176
40810304202	0.001256281407035176
26537842336	0.001256281407035176
09214645111	0.001256281407035176
09195317818	0.001256281407035176
01132852212	0.001256281407035176
09185691727	0.001256281407035176
09107180173	0.001256281407035176
09162923040	0.001256281407035176
09219838616	0.001256281407035176
07917702775	0.001256281407035176
09169263773	0.001256281407035176
16127473529	0.001256281407035176
25352536123	0.001256281407035176
01506844370	0.001256281407035176
09186928341	0.001256281407035176
08143678845	0.001256281407035176
09216777067	0.001256281407035176
02134679258	0.001256281407035176
05364460257	0.001256281407035176
05358319611	0.001256281407035176
05426059135	0.001256281407035176
09194615145	0.001256281407035176
01225442827	0.001256281407035176
91072762148	0.001256281407035176
09103626323	0.001256281407035176
08561769606	0.001256281407035176
09123505327	0.001256281407035176
09187791144	0.001256281407035176
09178500373	0.001256281407035176
05395444046	0.001256281407035176
09087542747	0.001256281407035176
07857726515	0.001256281407035176
09105013668	0.001256281407035176
02123473392	0.001256281407035176
07765553504	0.001256281407035176
09207572827	0.001256281407035176
09094102530	0.001256281407035176
01713049797	0.001256281407035176
09214349167	0.001256281407035176
01427612501	0.001256281407035176
97126398318	0.001256281407035176
96321475369	0.001256281407035176
09187933562	0.001256281407035176
09282569342	0.001256281407035176
03050310115	0.001256281407035176
08561172579	0.001256281407035176
09153155027	0.001256281407035176
95031407134	0.001256281407035176
04146363882	0.001256281407035176
29104684481	0.001256281407035176
02601330661	0.001256281407035176
00000000011	0.001256281407035176
09196594243	0.001256281407035176
01464820246	0.001256281407035176
09212886742	0.001256281407035176
11223344550	0.001256281407035176
09183312833	0.001256281407035176
55724854005	0.001256281407035176
09284746962	0.001256281407035176
09065835845	0.001256281407035176
09289451197	0.001256281407035176
01582707840	0.001256281407035176
90082565433	0.001256281407035176
02776174459	0.001256281407035176
03002146671	0.001256281407035176
19210018834	0.001256281407035176
09184568528	0.001256281407035176
09156710380	0.001256281407035176
91022102082	0.001256281407035176
84092152137	0.001256281407035176
07722022302	0.001256281407035176
02776383722	0.001256281407035176
09196997504	0.001256281407035176
08567645544	0.001256281407035176
09052406864	0.001256281407035176
09079665480	0.001256281407035176
35150082090	0.001256281407035176
13798676658	0.001256281407035176
09234660051	0.001256281407035176
09109462825	0.001256281407035176
09103321308	0.001256281407035176
93051006842	0.001256281407035176
47010810430	0.001256281407035176
09215515020	0.001256281407035176
09095981188	0.001256281407035176
09089415266	0.001256281407035176
09076528126	0.001256281407035176
09194741223	0.001256281407035176
09203502563	0.001256281407035176
60903161990	0.001256281407035176
09204112438	0.001256281407035176
09298249736	0.001256281407035176
48403270097	0.001256281407035176
09185110773	0.001256281407035176
92060660150	0.001256281407035176
09205326412	0.001256281407035176
09185207634	0.001256281407035176
13482454492	0.001256281407035176
05389721919	0.001256281407035176
09284531517	0.001256281407035176
13579250691	0.001256281407035176
08242023219	0.001256281407035176
09182584326	0.001256281407035176
01304532114	0.001256281407035176
13643108125	0.001256281407035176
09195236309	0.001256281407035176
23628263659	0.001256281407035176
01922551316	0.001256281407035176
92030608820	0.001256281407035176
09282301202	0.001256281407035176
09155150769	0.001256281407035176
89414314119	0.001256281407035176
19808541275	0.001256281407035176
09283263269	0.001256281407035176
13804519296	0.001256281407035176
09282469730	0.001256281407035176
09153433163	0.001256281407035176
09207107536	0.001256281407035176
96100216571	0.001256281407035176
05375047611	0.001256281407035176
07876462533	0.001256281407035176
15324865129	0.001256281407035176
08477919499	0.001256281407035176
02443223581	0.001256281407035176
09217589632	0.001256281407035176
07756191293	0.001256281407035176
09103817456	0.001256281407035176
46235012332	0.001256281407035176
09206754032	0.001256281407035176
09198526119	0.001256281407035176
09214053734	0.001256281407035176
01295259397	0.001256281407035176
09195629429	0.001256281407035176
13848148043	0.001256281407035176
34781005918	0.001256281407035176
50434320025	0.001256281407035176
09082031316	0.001256281407035176
09266985742	0.001256281407035176
09174829154	0.001256281407035176
09152516550	0.001256281407035176
09482653457	0.001256281407035176
09096483860	0.001256281407035176
09187027806	0.001256281407035176
09238667933	0.001256281407035176
48010294294	0.001256281407035176
04126982802	0.001256281407035176
90042560389	0.001256281407035176
09204139211	0.001256281407035176
08887805992	0.001256281407035176
09063877560	0.001256281407035176
09212141935	0.001256281407035176
66839270670	0.001256281407035176
07702885560	0.001256281407035176
09282141289	0.001256281407035176
09079682403	0.001256281407035176
01717996486	0.001256281407035176
04241133948	0.001256281407035176
01623449489	0.001256281407035176
09274493701	0.001256281407035176
09287428769	0.001256281407035176
09202209980	0.001256281407035176
09173695451	0.001256281407035176
47307847847	0.001256281407035176
09182458969	0.001256281407035176
03006960701	0.001256281407035176
93082507157	0.001256281407035176
09082742854	0.001256281407035176
01514456618	0.001256281407035176
01387860497	0.001256281407035176
09273176902	0.001256281407035176
46951420214	0.001256281407035176
05377407731	0.001256281407035176
01058721288	0.001256281407035176
11200810388	0.001256281407035176
09275510725	0.001256281407035176
09068457856	0.001256281407035176
19357103548	0.001256281407035176
40401815126	0.001256281407035176
09213148807	0.001256281407035176
09069401835	0.001256281407035176
09165032336	0.001256281407035176
09162430316	0.001256281407035176
17128736926	0.001256281407035176
09204382155	0.001256281407035176
09099266860	0.001256281407035176
09218116563	0.001256281407035176
00113801443	0.001256281407035176
07766931146	0.001256281407035176
09152221932	0.001256281407035176
09163002424	0.001256281407035176
09204831887	0.001256281407035176
05464576531	0.001256281407035176
12263232668	0.001256281407035176
09156775549	0.001256281407035176
04164013392	0.001256281407035176
03641289746	0.001256281407035176
07979517632	0.001256281407035176
09269531620	0.001256281407035176
01985212057	0.001256281407035176
51603140076	0.001256281407035176
09053508776	0.001256281407035176
94061016117	0.001256281407035176
04128429238	0.001256281407035176
09192377654	0.001256281407035176
09207313406	0.001256281407035176
04249035604	0.001256281407035176
09212743652	0.001256281407035176
09216033302	0.001256281407035176
09272064755	0.001256281407035176
92040311884	0.001256281407035176
09098419667	0.001256281407035176
09194841097	0.001256281407035176
09107663268	0.001256281407035176
90060160510	0.001256281407035176
09228661828	0.001256281407035176
86010234001	0.001256281407035176
09092290139	0.001256281407035176
13946386420	0.001256281407035176
09063483893	0.001256281407035176
01235833710	0.001256281407035176
12346262624	0.001256281407035176
05383218756	0.001256281407035176
01248354845	0.001256281407035176
09073814256	0.001256281407035176
09107214660	0.001256281407035176
08319996279	0.001256281407035176
09187288865	0.001256281407035176
02776554333	0.001256281407035176
01415623181	0.001256281407035176
09182989762	0.001256281407035176
09207087584	0.001256281407035176
09293476271	0.001256281407035176
09085400713	0.001256281407035176
02126311505	0.001256281407035176
09212745358	0.001256281407035176
05182056877	0.001256281407035176
48177311173	0.001256281407035176
30270467693	0.001256281407035176
09182236033	0.001256281407035176
96339866907	0.001256281407035176
63545459111	0.001256281407035176
09197603596	0.001256281407035176
09174077540	0.001256281407035176
15836596042	0.001256281407035176
48150580059	0.001256281407035176
01939002200	0.001256281407035176
05557337514	0.001256281407035176
03463183765	0.001256281407035176
07752147352	0.001256281407035176
09095685099	0.001256281407035176
10308568372	0.001256281407035176
02086894065	0.001256281407035176
09202849918	0.001256281407035176
16298261829	0.001256281407035176
09287682619	0.001256281407035176
89090655427	0.001256281407035176
98133736753	0.001256281407035176
09216067033	0.001256281407035176
46123230116	0.001256281407035176
20292041321	0.001256281407035176
13728423547	0.001256281407035176
09216035611	0.001256281407035176
09217765292	0.001256281407035176
09198267136	0.001256281407035176
09286757072	0.001256281407035176
10319614344	0.001256281407035176
09282886723	0.001256281407035176
08129429141	0.001256281407035176
09184640636	0.001256281407035176
09085273585	0.001256281407035176
05367036060	0.001256281407035176
09092154346	0.001256281407035176
05467803737	0.001256281407035176
07984298827	0.001256281407035176
29112437080	0.001256281407035176
96041104110	0.001256281407035176
89062867877	0.001256281407035176
09277775436	0.001256281407035176
09094270598	0.001256281407035176
09215438108	0.001256281407035176
88032055499	0.001256281407035176
09218238853	0.001256281407035176
09196479594	0.001256281407035176
21975200304	0.001256281407035176
09167107829	0.001256281407035176
09071403638	0.001256281407035176
05388771557	0.001256281407035176
13528551059	0.001256281407035176
09298548007	0.001256281407035176
71325122533	0.001256281407035176
89257040806	0.001256281407035176
09092112743	0.001256281407035176
09215015267	0.001256281407035176
91050751959	0.001256281407035176
09053255119	0.001256281407035176
07960438100	0.001256281407035176
93062205170	0.001256281407035176
09184479175	0.001256281407035176
90080767012	0.001256281407035176
22791010725	0.001256281407035176
66636613600	0.001256281407035176
94050804130	0.001256281407035176
09183763134	0.001256281407035176
09274140034	0.001256281407035176
03712590774	0.001256281407035176
09164836500	0.001256281407035176
09212030845	0.001256281407035176
95041521261	0.001256281407035176
09297034546	0.001256281407035176
89041056399	0.001256281407035176
09166139325	0.001256281407035176
05438515170	0.001256281407035176
89031457425	0.001256281407035176
09187696218	0.001256281407035176
06564323160	0.001256281407035176
09208163972	0.001256281407035176
50111056002	0.001256281407035176
93071612137	0.001256281407035176
05377398504	0.001256281407035176
93033107321	0.001256281407035176
09213805942	0.001256281407035176
09198686903	0.001256281407035176
09292944650	0.001256281407035176
09196460102	0.001256281407035176
89101078699	0.001256281407035176
04128066775	0.001256281407035176
09216315571	0.001256281407035176
09194946267	0.001256281407035176
09095841410	0.001256281407035176
19897141620	0.001256281407035176
09204651236	0.001256281407035176
02087429578	0.001256281407035176
07890198339	0.001256281407035176
92011451782	0.001256281407035176
11664433222	0.001256281407035176
82103030435	0.001256281407035176
09202800211	0.001256281407035176
09063018104	0.001256281407035176
04061983012	0.001256281407035176
04141422767	0.001256281407035176
09202213235	0.001256281407035176
09186424921	0.001256281407035176
22819850011	0.001256281407035176
07943115800	0.001256281407035176
00253912345	0.001256281407035176
09082958858	0.001256281407035176
09283832487	0.001256281407035176
09283167855	0.001256281407035176
02124711898	0.001256281407035176
09154527668	0.001256281407035176
09184464354	0.001256281407035176
05427625606	0.001256281407035176
09196111970	0.001256281407035176
49124070317	0.001256281407035176
09196156577	0.001256281407035176
10113117737	0.001256281407035176
09207355107	0.001256281407035176
45757964414	0.001256281407035176
09182923426	0.001256281407035176
04241621779	0.001256281407035176
07786408250	0.001256281407035176
09217333067	0.001256281407035176
09182827932	0.001256281407035176
89121550459	0.001256281407035176
09198906063	0.001256281407035176
09083691759	0.001256281407035176
13950256775	0.001256281407035176
21041381494	0.001256281407035176
09282613595	0.001256281407035176
07795551162	0.001256281407035176
03453501110	0.001256281407035176
09202865711	0.001256281407035176
90385464451	0.001256281407035176
01236606979	0.001256281407035176
09226958967	0.001256281407035176
04423165395	0.001256281407035176
09099564108	0.001256281407035176
09096901042	0.001256281407035176
09219245750	0.001256281407035176
09214253586	0.001256281407035176
05383655495	0.001256281407035176
09203688564	0.001256281407035176
05552029469	0.001256281407035176
07830294805	0.001256281407035176
28161421152	0.001256281407035176
04149567894	0.001256281407035176
09064908765	0.001256281407035176
50401069542	0.001256281407035176
07708917035	0.001256281407035176
87102771379	0.001256281407035176
68425402017	0.001256281407035176
09275159255	0.001256281407035176
09105545568	0.001256281407035176
04149515750	0.001256281407035176
09229432581	0.001256281407035176
02516401330	0.001256281407035176
09192158733	0.001256281407035176
21720072015	0.001256281407035176
93100921829	0.001256281407035176
09283391124	0.001256281407035176
57257638970	0.001256281407035176
01712414952	0.001256281407035176
09172720274	0.001256281407035176
09202477163	0.001256281407035176
09217894989	0.001256281407035176
92061454790	0.001256281407035176
09099354300	0.001256281407035176
09297514546	0.001256281407035176
09206587390	0.001256281407035176
93042333024	0.001256281407035176
05386521763	0.001256281407035176
03232556282	0.001256281407035176
09067563372	0.001256281407035176
13902652918	0.001256281407035176
05123047249	0.001256281407035176
20203154680	0.001256281407035176
51011225009	0.001256281407035176
04148756596	0.001256281407035176
09194629830	0.001256281407035176
09212861286	0.001256281407035176
08994463221	0.001256281407035176
09276893214	0.001256281407035176
73121281763	0.001256281407035176
03458383576	0.001256281407035176
05357867267	0.001256281407035176
09186049293	0.001256281407035176
22041122112	0.001256281407035176
10123104444	0.001256281407035176
09108971706	0.001256281407035176
09275906278	0.001256281407035176
09109328159	0.001256281407035176
07724099036	0.001256281407035176
09284885581	0.001256281407035176
97072413478	0.001256281407035176
09103088748	0.001256281407035176
09212811340	0.001256281407035176
07786045096	0.001256281407035176
61793928789	0.001256281407035176
05363518822	0.001256281407035176
07855150654	0.001256281407035176
60162514822	0.001256281407035176
09198444704	0.001256281407035176
09297908325	0.001256281407035176
93041813588	0.001256281407035176
21038647133	0.001256281407035176
08494844897	0.001256281407035176
09219687244	0.001256281407035176
09062863197	0.001256281407035176
09287913420	0.001256281407035176
09089319332	0.001256281407035176
42112770148	0.001256281407035176
09154026708	0.001256281407035176
09077166080	0.001256281407035176
01786841642	0.001256281407035176
09159918242	0.001256281407035176
07725209329	0.001256281407035176
09102573678	0.001256281407035176
89081960357	0.001256281407035176
90122376663	0.001256281407035176
09166174110	0.001256281407035176
94122714459	0.001256281407035176
13603389878	0.001256281407035176
49010610307	0.001256281407035176
04141800514	0.001256281407035176
09277019930	0.001256281407035176
11212321112	0.001256281407035176
02748747644	0.001256281407035176
09055277329	0.001256281407035176
09284708905	0.001256281407035176
93033022164	0.001256281407035176
07933701865	0.001256281407035176
09207239464	0.001256281407035176
08042007301	0.001256281407035176
04126500758	0.001256281407035176
07902263337	0.001256281407035176
03338651572	0.001256281407035176
25758821540	0.001256281407035176
09264106462	0.001256281407035176
09087736529	0.001256281407035176
44778066366	0.001256281407035176
08527654789	0.001256281407035176
09205652575	0.001256281407035176
05443443439	0.001256281407035176
04162134315	0.001256281407035176
15951027179	0.001256281407035176
07979660778	0.001256281407035176
13560624236	0.001256281407035176
31440363332	0.001256281407035176
05095481310	0.001256281407035176
20119983216	0.001256281407035176
09159297419	0.001256281407035176
83654222383	0.001256281407035176
01712587375	0.001256281407035176
09184155182	0.001256281407035176
09154865979	0.001256281407035176
02123685452	0.001256281407035176
09185899193	0.001256281407035176
09108566469	0.001256281407035176
17431567001	0.001256281407035176
09197745953	0.001256281407035176
09294379256	0.001256281407035176
04141460190	0.001256281407035176
95030926596	0.001256281407035176
12345678910	0.001256281407035176
05479738099	0.001256281407035176
96843118755	0.001256281407035176
09214239576	0.001256281407035176
09194082990	0.001256281407035176
20008750013	0.001256281407035176
19881026204	0.001256281407035176
89876712609	0.001256281407035176
09106038271	0.001256281407035176
47111320064	0.001256281407035176
08561522255	0.001256281407035176
09161095677	0.001256281407035176
09156909548	0.001256281407035176
09093593271	0.001256281407035176
09127419750	0.001256281407035176
09174352136	0.001256281407035176
01716837231	0.001256281407035176
96110217746	0.001256281407035176
93101621985	0.001256281407035176
09218213358	0.001256281407035176
07870882756	0.001256281407035176
80675098686	0.001256281407035176
09152344423	0.001256281407035176
09219709794	0.001256281407035176
09218394374	0.001256281407035176
21359683027	0.001256281407035176
05427324588	0.001256281407035176
46046830102	0.001256281407035176
09187460583	0.001256281407035176
09102282280	0.001256281407035176
09168615747	0.001256281407035176
09067518843	0.001256281407035176
04143919431	0.001256281407035176
16051605789	0.001256281407035176
05312842433	0.001256281407035176
15234070234	0.001256281407035176
09164028231	0.001256281407035176
09282756622	0.001256281407035176
09082152458	0.001256281407035176
60607070108	0.001256281407035176
91071109904	0.001256281407035176
09225354258	0.001256281407035176
09198879773	0.001256281407035176
09177380364	0.001256281407035176
13037218085	0.001256281407035176
09102334321	0.001256281407035176
01903734266	0.001256281407035176
47585419123	0.001256281407035176
20081218049	0.001256281407035176
09198541346	0.001256281407035176
09185871921	0.001256281407035176
09077560168	0.001256281407035176
01653690952	0.001256281407035176
09165849673	0.001256281407035176
09184635966	0.001256281407035176
35745822365	0.001256281407035176
17315845378	0.001256281407035176
05632600251	0.001256281407035176
09197608544	0.001256281407035176
07957602711	0.001256281407035176
04123300627	0.001256281407035176
09072935386	0.001256281407035176
92083105480	0.001256281407035176
96091704568	0.001256281407035176
97505951405	0.001256281407035176
09216381267	0.001256281407035176
09196280220	0.001256281407035176
09069445674	0.001256281407035176
09155728217	0.001256281407035176
09185225798	0.001256281407035176
09107568055	0.001256281407035176
07722860835	0.001256281407035176
04169727568	0.001256281407035176
09282825438	0.001256281407035176
09198263751	0.001256281407035176
09065198791	0.001256281407035176
09197849230	0.001256281407035176
09056932586	0.001256281407035176
09203883169	0.001256281407035176
30071995123	0.001256281407035176
09206755970	0.001256281407035176
09219071695	0.001256281407035176
09268958580	0.001256281407035176
07812193350	0.001256281407035176
55367482901	0.001256281407035176
04372250409	0.001256281407035176
09182344081	0.001256281407035176
01745334018	0.001256281407035176
09299760823	0.001256281407035176
07759964205	0.001256281407035176
09165516853	0.001256281407035176
09177875062	0.001256281407035176
09208056875	0.001256281407035176
05327720273	0.001256281407035176
92090478757	0.001256281407035176
02183403689	0.001256281407035176
09233557146	0.001256281407035176
08127634585	0.001256281407035176
09196281928	0.001256281407035176
91110758958	0.001256281407035176
85217978952	0.001256281407035176
03339636419	0.001256281407035176
08174912019	0.001256281407035176
91102758302	0.001256281407035176
55553345555	0.001256281407035176
63508188458	0.001256281407035176
91010713442	0.001256281407035176
13968205526	0.001256281407035176
09198533496	0.001256281407035176
05993896322	0.001256281407035176
02890491104	0.001256281407035176
90033167813	0.001256281407035176
09274267421	0.001256281407035176
09097688838	0.001256281407035176
09286212382	0.001256281407035176
01252344103	0.001256281407035176
09192750225	0.001256281407035176
25432541236	0.001256281407035176
08563544726	0.001256281407035176
03343668031	0.001256281407035176
06464636789	0.001256281407035176
09182839848	0.001256281407035176
52010911666	0.001256281407035176
09103003417	0.001256281407035176
02776551315	0.001256281407035176
05384590466	0.001256281407035176
97091911411	0.001256281407035176
09108022787	0.001256281407035176
09208593494	0.001256281407035176
09104581717	0.001256281407035176
09289692111	0.001256281407035176
09072299045	0.001256281407035176
10485761024	0.001256281407035176
01744631990	0.001256281407035176
09163278500	0.001256281407035176
09155646850	0.001256281407035176
60162302158	0.001256281407035176
09108101441	0.001256281407035176
09199985419	0.001256281407035176
13824365560	0.001256281407035176
20041101041	0.001256281407035176
09082567745	0.001256281407035176
49011220047	0.001256281407035176
09292258552	0.001256281407035176
09284080658	0.001256281407035176
39262327519	0.001256281407035176
04147714050	0.001256281407035176
02776375737	0.001256281407035176
09287847778	0.001256281407035176
15102052606	0.001256281407035176
08158116224	0.001256281407035176
09165425815	0.001256281407035176
09107577741	0.001256281407035176
07799893310	0.001256281407035176
09193999859	0.001256281407035176
13943702425	0.001256281407035176
09187913528	0.001256281407035176
09208222130	0.001256281407035176
92033156652	0.001256281407035176
09177378228	0.001256281407035176
08992066071	0.001256281407035176
07981125781	0.001256281407035176
09195208676	0.001256281407035176
19204009131	0.001256281407035176
09192008518	0.001256281407035176
09193062962	0.001256281407035176
04140870911	0.001256281407035176
07731813908	0.001256281407035176
09217657835	0.001256281407035176
09107295181	0.001256281407035176
09186369261	0.001256281407035176
91031126245	0.001256281407035176
09277588545	0.001256281407035176
62625531094	0.001256281407035176
09192529287	0.001256281407035176
09052622833	0.001256281407035176
09192969628	0.001256281407035176
09204492300	0.001256281407035176
09175588012	0.001256281407035176
09195838449	0.001256281407035176
04162440752	0.001256281407035176
09109684583	0.001256281407035176
09219078444	0.001256281407035176
16308378702	0.001256281407035176
09204792174	0.001256281407035176
12509071988	0.001256281407035176
04161827258	0.001256281407035176
04275111514	0.001256281407035176
09092893716	0.001256281407035176
07768173438	0.001256281407035176
09204080407	0.001256281407035176
43152760844	0.001256281407035176
09283094994	0.001256281407035176
02776561516	0.001256281407035176
09195984437	0.001256281407035176
09212815784	0.001256281407035176
07817636324	0.001256281407035176
03007255754	0.001256281407035176
02776489281	0.001256281407035176
13569648588	0.001256281407035176
50033077605	0.001256281407035176
09193026282	0.001256281407035176
07212377766	0.001256281407035176
01602464265	0.001256281407035176
09183007164	0.001256281407035176
04249071445	0.001256281407035176
09206062390	0.001256281407035176
09283973642	0.001256281407035176
09108871006	0.001256281407035176
09196766742	0.001256281407035176
08567007049	0.001256281407035176
09168543431	0.001256281407035176
09202612471	0.001256281407035176
41656091332	0.001256281407035176
09096609109	0.001256281407035176
09106435612	0.001256281407035176
26019134611	0.001256281407035176
09187427377	0.001256281407035176
09084600624	0.001256281407035176
09192254114	0.001256281407035176
09187123309	0.001256281407035176
21019921995	0.001256281407035176
07204458314	0.001256281407035176
09216110869	0.001256281407035176
05322737327	0.001256281407035176
05582353764	0.001256281407035176
09215378744	0.001256281407035176
33941671986	0.001256281407035176
20089991204	0.001256281407035176
09083696538	0.001256281407035176
10382921206	0.001256281407035176
09064858324	0.001256281407035176
