043204773402	0.0033444816053511705
901117136031	0.0033444816053511705
244445719100	0.0033444816053511705
180127290323	0.0033444816053511705
085276059962	0.0033444816053511705
405282263417	0.0033444816053511705
071688071688	0.0033444816053511705
921219146773	0.0033444816053511705
008551884411	0.0033444816053511705
100520060920	0.0033444816053511705
960608055324	0.0033444816053511705
023600244469	0.0033444816053511705
066442997587	0.0033444816053511705
091748483318	0.0033444816053511705
085265202125	0.0033444816053511705
112143112154	0.0033444816053511705
051525354555	0.0033444816053511705
770000150216	0.0033444816053511705
517745230192	0.0033444816053511705
172839938271	0.0033444816053511705
053578102388	0.0033444816053511705
159357456258	0.0033444816053511705
900524146056	0.0033444816053511705
450105043044	0.0033444816053511705
765548667486	0.0033444816053511705
336500685086	0.0033444816053511705
016188135372	0.0033444816053511705
866880618574	0.0033444816053511705
001122334455	0.0033444816053511705
198908020405	0.0033444816053511705
329800552010	0.0033444816053511705
199302060924	0.0033444816053511705
123223123223	0.0033444816053511705
228087201994	0.0033444816053511705
270125341991	0.0033444816053511705
456258159357	0.0033444816053511705
123453689592	0.0033444816053511705
201190201190	0.0033444816053511705
085694031131	0.0033444816053511705
870519145214	0.0033444816053511705
100325200122	0.0033444816053511705
190980025138	0.0033444816053511705
492402541751	0.0033444816053511705
095357075159	0.0033444816053511705
085297410122	0.0033444816053511705
695357695357	0.0033444816053511705
572053779830	0.0033444816053511705
500430018428	0.0033444816053511705
130100260505	0.0033444816053511705
850916075370	0.0033444816053511705
784512895623	0.0033444816053511705
780102016995	0.0033444816053511705
959498929190	0.0033444816053511705
830708025450	0.0033444816053511705
184649931108	0.0033444816053511705
101595101595	0.0033444816053511705
126990016022	0.0033444816053511705
051175080800	0.0033444816053511705
197320051973	0.0033444816053511705
987899910747	0.0033444816053511705
012307210702	0.0033444816053511705
901004036149	0.0033444816053511705
081302314925	0.0033444816053511705
210588270187	0.0033444816053511705
210695702167	0.0033444816053511705
041135151034	0.0033444816053511705
870424085757	0.0033444816053511705
115010503232	0.0033444816053511705
870608015286	0.0033444816053511705
884388438843	0.0033444816053511705
557842557842	0.0033444816053511705
989960582620	0.0033444816053511705
029743881555	0.0033444816053511705
123753951468	0.0033444816053511705
357159842655	0.0033444816053511705
729800582218	0.0033444816053511705
150792080394	0.0033444816053511705
261948739105	0.0033444816053511705
850722145756	0.0033444816053511705
112304141985	0.0033444816053511705
114209420168	0.0033444816053511705
052597865172	0.0033444816053511705
780912055323	0.0033444816053511705
009613214996	0.0033444816053511705
060888071685	0.0033444816053511705
753794769864	0.0033444816053511705
085399405369	0.0033444816053511705
456050982124	0.0033444816053511705
112735475462	0.0033444816053511705
551675533190	0.0033444816053511705
170428101028	0.0033444816053511705
017188837897	0.0033444816053511705
910129055495	0.0033444816053511705
960302115320	0.0033444816053511705
825129432008	0.0033444816053511705
081326024272	0.0033444816053511705
871112105223	0.0033444816053511705
401000407056	0.0033444816053511705
852456791355	0.0033444816053511705
821007015036	0.0033444816053511705
890820015302	0.0033444816053511705
070818848059	0.0033444816053511705
951003045495	0.0033444816053511705
487578645362	0.0033444816053511705
513111513178	0.0033444816053511705
210838110729	0.0033444816053511705
900215085608	0.0033444816053511705
753159824655	0.0033444816053511705
860906566247	0.0033444816053511705
250190140590	0.0033444816053511705
091638678952	0.0033444816053511705
075216357075	0.0033444816053511705
016135400299	0.0033444816053511705
424063821770	0.0033444816053511705
123654789000	0.0033444816053511705
090325272006	0.0033444816053511705
425142514251	0.0033444816053511705
079503006470	0.0033444816053511705
101113141531	0.0033444816053511705
201003341990	0.0033444816053511705
778724778724	0.0033444816053511705
180581150372	0.0033444816053511705
490101262956	0.0033444816053511705
326490310647	0.0033444816053511705
356120306453	0.0033444816053511705
206733921992	0.0033444816053511705
450296032010	0.0033444816053511705
611618657341	0.0033444816053511705
085693505378	0.0033444816053511705
161191161191	0.0033444816053511705
598185598185	0.0033444816053511705
090923588865	0.0033444816053511705
150205121992	0.0033444816053511705
716763521991	0.0033444816053511705
091985776519	0.0033444816053511705
290993290993	0.0033444816053511705
042312261993	0.0033444816053511705
093928654221	0.0033444816053511705
121020052311	0.0033444816053511705
081600021989	0.0033444816053511705
316343770300	0.0033444816053511705
880123015868	0.0033444816053511705
039702738000	0.0033444816053511705
199319941995	0.0033444816053511705
324230294053	0.0033444816053511705
010657726321	0.0033444816053511705
210193611900	0.0033444816053511705
017282853227	0.0033444816053511705
085216077557	0.0033444816053511705
930216065526	0.0033444816053511705
789589875898	0.0033444816053511705
250988141108	0.0033444816053511705
085252514318	0.0033444816053511705
548673748611	0.0033444816053511705
198720041987	0.0033444816053511705
788905580217	0.0033444816053511705
000002532288	0.0033444816053511705
920405055010	0.0033444816053511705
023074546872	0.0033444816053511705
950822106218	0.0033444816053511705
697240194566	0.0033444816053511705
264951112021	0.0033444816053511705
863837870313	0.0033444816053511705
141314131413	0.0033444816053511705
999888777444	0.0033444816053511705
175121581986	0.0033444816053511705
005127781434	0.0033444816053511705
930905115621	0.0033444816053511705
500200470128	0.0033444816053511705
352576836400	0.0033444816053511705
199911133244	0.0033444816053511705
200120022003	0.0033444816053511705
840412105645	0.0033444816053511705
187850323004	0.0033444816053511705
281289090989	0.0033444816053511705
164812481448	0.0033444816053511705
085223127859	0.0033444816053511705
891118146120	0.0033444816053511705
931128036180	0.0033444816053511705
940102075733	0.0033444816053511705
124850505250	0.0033444816053511705
840710025096	0.0033444816053511705
142837931230	0.0033444816053511705
534534534534	0.0033444816053511705
620810106905	0.0033444816053511705
461100341794	0.0033444816053511705
808022087001	0.0033444816053511705
081357914000	0.0033444816053511705
365516211067	0.0033444816053511705
182314387886	0.0033444816053511705
312280301514	0.0033444816053511705
930201105038	0.0033444816053511705
900226086075	0.0033444816053511705
841020125692	0.0033444816053511705
970508065233	0.0033444816053511705
920824146275	0.0033444816053511705
090585101981	0.0033444816053511705
850718015924	0.0033444816053511705
054613364555	0.0033444816053511705
920612075866	0.0033444816053511705
791213035324	0.0033444816053511705
332625454325	0.0033444816053511705
085228710360	0.0033444816053511705
451848451848	0.0033444816053511705
140633300522	0.0033444816053511705
071202240419	0.0033444816053511705
085692700093	0.0033444816053511705
831109760609	0.0033444816053511705
891201105530	0.0033444816053511705
522539314207	0.0033444816053511705
145236589652	0.0033444816053511705
810881088108	0.0033444816053511705
081808348663	0.0033444816053511705
085659545240	0.0033444816053511705
910301075704	0.0033444816053511705
299284648219	0.0033444816053511705
020202010101	0.0033444816053511705
134130008611	0.0033444816053511705
030198649402	0.0033444816053511705
085647453032	0.0033444816053511705
091283067737	0.0033444816053511705
003558112774	0.0033444816053511705
074771740123	0.0033444816053511705
800312065627	0.0033444816053511705
708173998852	0.0033444816053511705
011989100488	0.0033444816053511705
411136369963	0.0033444816053511705
870826565286	0.0033444816053511705
253612253612	0.0033444816053511705
810514135143	0.0033444816053511705
099058733081	0.0033444816053511705
151524063219	0.0033444816053511705
459123930252	0.0033444816053511705
151986181991	0.0033444816053511705
569120678987	0.0033444816053511705
760523125163	0.0033444816053511705
950907146630	0.0033444816053511705
012065233971	0.0033444816053511705
151019981110	0.0033444816053511705
880105145168	0.0033444816053511705
534626810160	0.0033444816053511705
123456192317	0.0033444816053511705
460207041378	0.0033444816053511705
830507075558	0.0033444816053511705
123456789147	0.0033444816053511705
442222044322	0.0033444816053511705
027452283193	0.0033444816053511705
083118846422	0.0033444816053511705
891001045203	0.0033444816053511705
843261659235	0.0033444816053511705
020112001010	0.0033444816053511705
910620035443	0.0033444816053511705
185791457913	0.0033444816053511705
211296030700	0.0033444816053511705
900919085489	0.0033444816053511705
010178121987	0.0033444816053511705
282670150379	0.0033444816053511705
354012692504	0.0033444816053511705
221088102384	0.0033444816053511705
281059020959	0.0033444816053511705
424688525688	0.0033444816053511705
881191918230	0.0033444816053511705
291289135862	0.0033444816053511705
085233239004	0.0033444816053511705
279132791300	0.0033444816053511705
207105279565	0.0033444816053511705
231241189569	0.0033444816053511705
092691167388	0.0033444816053511705
300388200499	0.0033444816053511705
522231040158	0.0033444816053511705
840714115224	0.0033444816053511705
151707291517	0.0033444816053511705
394961411016	0.0033444816053511705
061287270056	0.0033444816053511705
122380061992	0.0033444816053511705
215487895623	0.0033444816053511705
107309011997	0.0033444816053511705
085265541935	0.0033444816053511705
821125850624	0.0033444816053511705
881212115321	0.0033444816053511705
030312160812	0.0033444816053511705
900307102030	0.0033444816053511705
510911092685	0.0033444816053511705
149012913112	0.0033444816053511705
516411010171	0.0033444816053511705
619320978134	0.0033444816053511705
198419832008	0.0033444816053511705
110885131009	0.0033444816053511705
220331102527	0.0033444816053511705
861977121135	0.0033444816053511705
501102030113	0.0033444816053511705
890102145284	0.0033444816053511705
901010025753	0.0033444816053511705
005112573367	0.0033444816053511705
120398051278	0.0033444816053511705
880324035348	0.0033444816053511705
012414177718	0.0033444816053511705
880125075216	0.0033444816053511705
512130060597	0.0033444816053511705
