00393887926463	0.011111111111111112
05061991131313	0.011111111111111112
98665257159357	0.011111111111111112
20020702225701	0.011111111111111112
31142263152977	0.011111111111111112
20407992044427	0.011111111111111112
22292165238201	0.011111111111111112
25070836798546	0.011111111111111112
25351122334455	0.011111111111111112
02770287000346	0.011111111111111112
41188216251281	0.011111111111111112
24648518199382	0.011111111111111112
23882545810748	0.011111111111111112
52316255231633	0.011111111111111112
25330840961019	0.011111111111111112
14188012657777	0.011111111111111112
22088005973754	0.011111111111111112
57478463568568	0.011111111111111112
44097854409785	0.011111111111111112
18346138164325	0.011111111111111112
21823001168517	0.011111111111111112
21223020579846	0.011111111111111112
66079006607900	0.011111111111111112
08020671261222	0.011111111111111112
25260002870724	0.011111111111111112
30323637414647	0.011111111111111112
21041986211156	0.011111111111111112
18003310230787	0.011111111111111112
01264766660000	0.011111111111111112
00393475149525	0.011111111111111112
35061753506175	0.011111111111111112
56397268262742	0.011111111111111112
52932455293245	0.011111111111111112
60891027087534	0.011111111111111112
32812553282300	0.011111111111111112
63875876387587	0.011111111111111112
19861216386251	0.011111111111111112
15158920284262	0.011111111111111112
12345601234560	0.011111111111111112
82111817103015	0.011111111111111112
21394562353191	0.011111111111111112
13350151119813	0.011111111111111112
02770288208685	0.011111111111111112
14789632124862	0.011111111111111112
98765123456789	0.011111111111111112
61024383889854	0.011111111111111112
18200897315068	0.011111111111111112
56166865092133	0.011111111111111112
28425371142526	0.011111111111111112
57768198351347	0.011111111111111112
58694605633132	0.011111111111111112
26177002286967	0.011111111111111112
14825351482535	0.011111111111111112
22137608476000	0.011111111111111112
33511143352640	0.011111111111111112
52445215264966	0.011111111111111112
48419145753220	0.011111111111111112
14269721426972	0.011111111111111112
22082533160633	0.011111111111111112
55158925978675	0.011111111111111112
47077774751001	0.011111111111111112
86470694739615	0.011111111111111112
99058440095875	0.011111111111111112
53177033817028	0.011111111111111112
20576234305448	0.011111111111111112
24650502465050	0.011111111111111112
08716030762532	0.011111111111111112
91346094926209	0.011111111111111112
13909868435167	0.011111111111111112
27110912272913	0.011111111111111112
49108912288674	0.011111111111111112
59830129741755	0.011111111111111112
00556733461257	0.011111111111111112
05120880523005	0.011111111111111112
00974932995008	0.011111111111111112
32577773814827	0.011111111111111112
00104201284860	0.011111111111111112
20821425150992	0.011111111111111112
73833754418469	0.011111111111111112
31415926535897	0.011111111111111112
10840917180643	0.011111111111111112
30083901230032	0.011111111111111112
67356789789456	0.011111111111111112
23642192364219	0.011111111111111112
63418376423188	0.011111111111111112
13817185688171	0.011111111111111112
08716663012345	0.011111111111111112
21177009908758	0.011111111111111112
55265427951990	0.011111111111111112
39388031654452	0.011111111111111112
