1984041520050724	0.023809523809523808
2404346224043462	0.023809523809523808
4942830079758294	0.023809523809523808
4197160005076698	0.023809523809523808
2468521597530123	0.023809523809523808
1680140217888311	0.023809523809523808
2465111505321502	0.023809523809523808
5526372657515490	0.023809523809523808
0161849557016184	0.023809523809523808
0712145121241308	0.023809523809523808
2024462430069033	0.023809523809523808
2610350832741094	0.023809523809523808
3317868371728213	0.023809523809523808
0444559035900777	0.023809523809523808
2053672420536724	0.023809523809523808
3924357889082869	0.023809523809523808
8707071085261543	0.023809523809523808
2310456130157157	0.023809523809523808
2079192412889897	0.023809523809523808
1512883396744917	0.023809523809523808
1123924165593174	0.023809523809523808
0895014095053593	0.023809523809523808
9201994245831101	0.023809523809523808
4007087240070872	0.023809523809523808
1125151820072006	0.023809523809523808
1910194719101947	0.023809523809523808
2039460787926791	0.023809523809523808
4644596442121058	0.023809523809523808
7499942559597944	0.023809523809523808
0104039509284198	0.023809523809523808
1406044846756335	0.023809523809523808
0727782670283025	0.023809523809523808
2539087510133503	0.023809523809523808
2074834082468246	0.023809523809523808
7426985214789654	0.023809523809523808
5788681055412225	0.023809523809523808
2403198617878525	0.023809523809523808
1234569931961675	0.023809523809523808
4426259047241955	0.023809523809523808
4157435948464244	0.023809523809523808
1986110519811118	0.023809523809523808
2501253807032533	0.023809523809523808
