123	0.13650920736589273
101	0.025887376567921002
143	0.01974913263944489
100	0.01774753135842007
666	0.016413130504403524
007	0.015078729650386976
420	0.011609287429943955
321	0.010675206832132373
777	0.009073925807312517
111	0.00773952495329597
001	0.00773952495329597
456	0.00773952495329597
999	0.006938884440886042
333	0.006538564184681078
619	0.006271684013877769
555	0.005204163330664532
222	0.004670402989057913
234	0.004670402989057913
888	0.004536962903656259
000	0.004536962903656259
911	0.004536962903656259
213	0.004136642647451294
112	0.004136642647451294
182	0.0040032025620496394
211	0.0040032025620496394
121	0.0040032025620496394
411	0.0040032025620496394
200	0.003869762476647985
124	0.003869762476647985
786	0.0037363223912463303
369	0.003602882305844676
789	0.003602882305844676
247	0.003469442220443021
102	0.003469442220443021
159	0.003469442220443021
120	0.003469442220443021
305	0.003469442220443021
187	0.0033360021350413663
678	0.0032025620496397116
520	0.0032025620496397116
212	0.003069121964238057
147	0.0029356818788364024
500	0.0029356818788364024
125	0.0029356818788364024
012	0.0028022417934347476
444	0.0028022417934347476
345	0.0028022417934347476
567	0.0028022417934347476
360	0.0026688017080330933
214	0.0026688017080330933
312	0.0025353616226314385
711	0.0025353616226314385
510	0.0025353616226314385
114	0.0024019215372297837
118	0.0024019215372297837
313	0.0024019215372297837
246	0.0024019215372297837
210	0.0024019215372297837
413	0.0022684814518281293
135	0.0022684814518281293
110	0.0022684814518281293
808	0.0022684814518281293
323	0.0022684814518281293
201	0.0022684814518281293
108	0.0021350413664264745
115	0.0021350413664264745
128	0.0021350413664264745
987	0.0021350413664264745
311	0.0021350413664264745
316	0.0020016012810248197
003	0.0020016012810248197
103	0.0020016012810248197
717	0.0020016012810248197
132	0.0020016012810248197
215	0.0020016012810248197
117	0.0020016012810248197
216	0.0018681611956231651
314	0.0018681611956231651
223	0.0018681611956231651
805	0.0018681611956231651
127	0.0018681611956231651
098	0.0018681611956231651
008	0.0018681611956231651
105	0.0018681611956231651
231	0.0018681611956231651
190	0.0017347211102215106
718	0.0017347211102215106
300	0.0017347211102215106
129	0.0017347211102215106
258	0.0017347211102215106
228	0.0017347211102215106
202	0.0017347211102215106
408	0.0017347211102215106
418	0.0017347211102215106
310	0.0017347211102215106
006	0.0016012810248198558
700	0.0016012810248198558
104	0.0016012810248198558
516	0.0016012810248198558
218	0.0016012810248198558
131	0.0016012810248198558
252	0.0016012810248198558
109	0.0016012810248198558
010	0.0016012810248198558
325	0.0016012810248198558
113	0.0016012810248198558
134	0.0016012810248198558
626	0.0016012810248198558
122	0.0016012810248198558
206	0.0016012810248198558
209	0.0016012810248198558
009	0.0014678409394182012
422	0.0014678409394182012
416	0.0014678409394182012
900	0.0014678409394182012
245	0.0014678409394182012
306	0.0014678409394182012
921	0.0014678409394182012
156	0.0014678409394182012
909	0.0014678409394182012
116	0.0014678409394182012
357	0.0014678409394182012
612	0.0014678409394182012
800	0.0014678409394182012
601	0.0014678409394182012
415	0.0014678409394182012
654	0.0014678409394182012
400	0.0014678409394182012
157	0.0014678409394182012
747	0.0014678409394182012
250	0.0013344008540165466
155	0.0013344008540165466
410	0.0013344008540165466
417	0.0013344008540165466
303	0.0013344008540165466
301	0.0013344008540165466
220	0.0013344008540165466
831	0.0013344008540165466
199	0.0013344008540165466
165	0.0013344008540165466
613	0.0013344008540165466
522	0.0013344008540165466
715	0.0013344008540165466
741	0.0013344008540165466
509	0.0013344008540165466
916	0.0013344008540165466
600	0.0013344008540165466
013	0.0013344008540165466
254	0.0013344008540165466
225	0.0013344008540165466
189	0.0013344008540165466
919	0.0013344008540165466
615	0.0013344008540165466
221	0.0013344008540165466
809	0.0013344008540165466
818	0.0013344008540165466
319	0.0013344008540165466
716	0.0013344008540165466
227	0.0013344008540165466
106	0.0013344008540165466
150	0.0013344008540165466
428	0.0012009607686148918
203	0.0012009607686148918
014	0.0012009607686148918
616	0.0012009607686148918
151	0.0012009607686148918
347	0.0012009607686148918
320	0.0012009607686148918
728	0.0012009607686148918
513	0.0012009607686148918
719	0.0012009607686148918
714	0.0012009607686148918
197	0.0012009607686148918
326	0.0012009607686148918
954	0.0012009607686148918
253	0.0012009607686148918
515	0.0012009607686148918
317	0.0012009607686148918
817	0.0012009607686148918
973	0.0010675206832132373
518	0.0010675206832132373
727	0.0010675206832132373
145	0.0010675206832132373
721	0.0010675206832132373
130	0.0010675206832132373
813	0.0010675206832132373
002	0.0010675206832132373
005	0.0010675206832132373
701	0.0010675206832132373
152	0.0010675206832132373
226	0.0010675206832132373
710	0.0010675206832132373
107	0.0010675206832132373
423	0.0010675206832132373
119	0.0010675206832132373
963	0.0010675206832132373
923	0.0010675206832132373
336	0.0010675206832132373
208	0.0010675206832132373
910	0.0010675206832132373
540	0.0010675206832132373
821	0.0010675206832132373
282	0.0010675206832132373
168	0.0010675206832132373
920	0.0010675206832132373
912	0.0010675206832132373
941	0.0010675206832132373
232	0.0010675206832132373
445	0.0010675206832132373
512	0.0010675206832132373
126	0.0010675206832132373
414	0.0010675206832132373
242	0.0010675206832132373
527	0.0010675206832132373
297	0.0010675206832132373
521	0.0010675206832132373
425	0.0010675206832132373
237	0.0010675206832132373
511	0.0010675206832132373
429	0.0010675206832132373
322	0.0010675206832132373
315	0.0010675206832132373
618	0.0010675206832132373
188	0.0010675206832132373
402	0.0010675206832132373
224	0.0009340805978115826
381	0.0009340805978115826
852	0.0009340805978115826
787	0.0009340805978115826
205	0.0009340805978115826
624	0.0009340805978115826
671	0.0009340805978115826
011	0.0009340805978115826
776	0.0009340805978115826
178	0.0009340805978115826
412	0.0009340805978115826
903	0.0009340805978115826
269	0.0009340805978115826
501	0.0009340805978115826
992	0.0009340805978115826
617	0.0009340805978115826
364	0.0009340805978115826
069	0.0009340805978115826
988	0.0009340805978115826
816	0.0009340805978115826
504	0.0009340805978115826
559	0.0009340805978115826
023	0.0009340805978115826
927	0.0009340805978115826
524	0.0009340805978115826
585	0.0009340805978115826
275	0.0009340805978115826
823	0.0009340805978115826
217	0.0009340805978115826
561	0.0009340805978115826
337	0.0009340805978115826
016	0.0009340805978115826
133	0.0009340805978115826
324	0.0009340805978115826
579	0.0009340805978115826
722	0.0009340805978115826
350	0.0009340805978115826
281	0.0009340805978115826
757	0.0009340805978115826
525	0.0008006405124099279
043	0.0008006405124099279
193	0.0008006405124099279
180	0.0008006405124099279
144	0.0008006405124099279
630	0.0008006405124099279
503	0.0008006405124099279
318	0.0008006405124099279
290	0.0008006405124099279
829	0.0008006405124099279
556	0.0008006405124099279
172	0.0008006405124099279
454	0.0008006405124099279
840	0.0008006405124099279
614	0.0008006405124099279
393	0.0008006405124099279
996	0.0008006405124099279
432	0.0008006405124099279
140	0.0008006405124099279
191	0.0008006405124099279
922	0.0008006405124099279
914	0.0008006405124099279
622	0.0008006405124099279
913	0.0008006405124099279
025	0.0008006405124099279
517	0.0008006405124099279
990	0.0008006405124099279
241	0.0008006405124099279
136	0.0008006405124099279
419	0.0008006405124099279
543	0.0008006405124099279
198	0.0008006405124099279
603	0.0008006405124099279
901	0.0008006405124099279
450	0.0008006405124099279
346	0.0008006405124099279
811	0.0008006405124099279
810	0.0008006405124099279
273	0.0008006405124099279
421	0.0008006405124099279
160	0.0008006405124099279
183	0.0008006405124099279
017	0.0008006405124099279
876	0.0008006405124099279
769	0.0008006405124099279
530	0.0008006405124099279
169	0.0008006405124099279
185	0.0008006405124099279
351	0.0008006405124099279
142	0.0008006405124099279
965	0.0008006405124099279
233	0.0008006405124099279
148	0.0008006405124099279
497	0.0008006405124099279
424	0.0008006405124099279
027	0.0008006405124099279
004	0.0008006405124099279
020	0.0008006405124099279
426	0.0008006405124099279
365	0.0006672004270082733
929	0.0006672004270082733
676	0.0006672004270082733
998	0.0006672004270082733
523	0.0006672004270082733
307	0.0006672004270082733
904	0.0006672004270082733
726	0.0006672004270082733
154	0.0006672004270082733
236	0.0006672004270082733
451	0.0006672004270082733
405	0.0006672004270082733
939	0.0006672004270082733
162	0.0006672004270082733
723	0.0006672004270082733
344	0.0006672004270082733
469	0.0006672004270082733
141	0.0006672004270082733
925	0.0006672004270082733
204	0.0006672004270082733
386	0.0006672004270082733
905	0.0006672004270082733
532	0.0006672004270082733
679	0.0006672004270082733
240	0.0006672004270082733
724	0.0006672004270082733
730	0.0006672004270082733
720	0.0006672004270082733
702	0.0006672004270082733
864	0.0006672004270082733
778	0.0006672004270082733
637	0.0006672004270082733
229	0.0006672004270082733
930	0.0006672004270082733
827	0.0006672004270082733
663	0.0006672004270082733
175	0.0006672004270082733
646	0.0006672004270082733
158	0.0006672004270082733
028	0.0006672004270082733
866	0.0006672004270082733
526	0.0006672004270082733
611	0.0006672004270082733
493	0.0006672004270082733
918	0.0006672004270082733
713	0.0006672004270082733
288	0.0006672004270082733
483	0.0006672004270082733
815	0.0006672004270082733
924	0.0006672004270082733
707	0.0006672004270082733
272	0.0006672004270082733
725	0.0006672004270082733
022	0.0006672004270082733
031	0.0006672004270082733
609	0.0006672004270082733
334	0.0006672004270082733
026	0.0006672004270082733
077	0.0006672004270082733
765	0.0006672004270082733
907	0.0006672004270082733
623	0.0006672004270082733
514	0.0006672004270082733
139	0.0006672004270082733
812	0.0006672004270082733
742	0.0006672004270082733
409	0.0006672004270082733
403	0.0006672004270082733
035	0.0006672004270082733
248	0.0006672004270082733
164	0.0006672004270082733
342	0.0006672004270082733
230	0.0006672004270082733
531	0.0006672004270082733
287	0.0006672004270082733
928	0.0006672004270082733
729	0.0006672004270082733
309	0.0006672004270082733
610	0.0006672004270082733
690	0.0006672004270082733
243	0.0006672004270082733
602	0.0006672004270082733
195	0.0006672004270082733
488	0.0006672004270082733
669	0.0006672004270082733
696	0.0006672004270082733
401	0.0006672004270082733
174	0.0005337603416066186
021	0.0005337603416066186
952	0.0005337603416066186
681	0.0005337603416066186
625	0.0005337603416066186
091	0.0005337603416066186
667	0.0005337603416066186
433	0.0005337603416066186
983	0.0005337603416066186
398	0.0005337603416066186
267	0.0005337603416066186
665	0.0005337603416066186
694	0.0005337603416066186
620	0.0005337603416066186
289	0.0005337603416066186
062	0.0005337603416066186
631	0.0005337603416066186
285	0.0005337603416066186
295	0.0005337603416066186
890	0.0005337603416066186
489	0.0005337603416066186
256	0.0005337603416066186
251	0.0005337603416066186
167	0.0005337603416066186
257	0.0005337603416066186
629	0.0005337603416066186
508	0.0005337603416066186
828	0.0005337603416066186
019	0.0005337603416066186
569	0.0005337603416066186
479	0.0005337603416066186
383	0.0005337603416066186
146	0.0005337603416066186
519	0.0005337603416066186
033	0.0005337603416066186
826	0.0005337603416066186
642	0.0005337603416066186
176	0.0005337603416066186
279	0.0005337603416066186
648	0.0005337603416066186
652	0.0005337603416066186
645	0.0005337603416066186
407	0.0005337603416066186
502	0.0005337603416066186
353	0.0005337603416066186
993	0.0005337603416066186
606	0.0005337603416066186
552	0.0005337603416066186
662	0.0005337603416066186
296	0.0005337603416066186
239	0.0005337603416066186
854	0.0005337603416066186
917	0.0005337603416066186
830	0.0005337603416066186
268	0.0005337603416066186
732	0.0005337603416066186
170	0.0005337603416066186
824	0.0005337603416066186
207	0.0005337603416066186
238	0.0005337603416066186
457	0.0005337603416066186
249	0.0005337603416066186
545	0.0005337603416066186
181	0.0005337603416066186
399	0.0005337603416066186
915	0.0005337603416066186
480	0.0005337603416066186
650	0.0005337603416066186
947	0.0005337603416066186
583	0.0005337603416066186
235	0.0005337603416066186
330	0.0005337603416066186
328	0.0005337603416066186
370	0.0005337603416066186
539	0.0005337603416066186
562	0.0005337603416066186
378	0.0005337603416066186
536	0.0005337603416066186
878	0.0005337603416066186
343	0.0005337603416066186
505	0.0005337603416066186
277	0.0005337603416066186
082	0.0005337603416066186
089	0.0005337603416066186
607	0.0005337603416066186
384	0.0005337603416066186
936	0.0005337603416066186
340	0.0005337603416066186
588	0.0005337603416066186
955	0.0005337603416066186
801	0.0005337603416066186
538	0.0005337603416066186
856	0.0005337603416066186
772	0.0005337603416066186
507	0.0005337603416066186
349	0.0005337603416066186
015	0.0005337603416066186
219	0.0005337603416066186
688	0.00040032025620496394
085	0.00040032025620496394
264	0.00040032025620496394
427	0.00040032025620496394
434	0.00040032025620496394
186	0.00040032025620496394
627	0.00040032025620496394
781	0.00040032025620496394
548	0.00040032025620496394
389	0.00040032025620496394
485	0.00040032025620496394
683	0.00040032025620496394
708	0.00040032025620496394
628	0.00040032025620496394
869	0.00040032025620496394
550	0.00040032025620496394
387	0.00040032025620496394
770	0.00040032025620496394
797	0.00040032025620496394
943	0.00040032025620496394
703	0.00040032025620496394
546	0.00040032025620496394
308	0.00040032025620496394
177	0.00040032025620496394
735	0.00040032025620496394
352	0.00040032025620496394
572	0.00040032025620496394
060	0.00040032025620496394
262	0.00040032025620496394
883	0.00040032025620496394
396	0.00040032025620496394
978	0.00040032025620496394
877	0.00040032025620496394
070	0.00040032025620496394
149	0.00040032025620496394
551	0.00040032025620496394
541	0.00040032025620496394
439	0.00040032025620496394
359	0.00040032025620496394
099	0.00040032025620496394
762	0.00040032025620496394
374	0.00040032025620496394
980	0.00040032025620496394
459	0.00040032025620496394
292	0.00040032025620496394
836	0.00040032025620496394
472	0.00040032025620496394
390	0.00040032025620496394
458	0.00040032025620496394
372	0.00040032025620496394
959	0.00040032025620496394
774	0.00040032025620496394
643	0.00040032025620496394
452	0.00040032025620496394
656	0.00040032025620496394
041	0.00040032025620496394
050	0.00040032025620496394
304	0.00040032025620496394
048	0.00040032025620496394
635	0.00040032025620496394
404	0.00040032025620496394
283	0.00040032025620496394
740	0.00040032025620496394
018	0.00040032025620496394
255	0.00040032025620496394
881	0.00040032025620496394
568	0.00040032025620496394
430	0.00040032025620496394
932	0.00040032025620496394
853	0.00040032025620496394
845	0.00040032025620496394
036	0.00040032025620496394
482	0.00040032025620496394
949	0.00040032025620496394
705	0.00040032025620496394
373	0.00040032025620496394
086	0.00040032025620496394
670	0.00040032025620496394
743	0.00040032025620496394
731	0.00040032025620496394
668	0.00040032025620496394
565	0.00040032025620496394
529	0.00040032025620496394
557	0.00040032025620496394
674	0.00040032025620496394
284	0.00040032025620496394
166	0.00040032025620496394
698	0.00040032025620496394
693	0.00040032025620496394
593	0.00040032025620496394
266	0.00040032025620496394
498	0.00040032025620496394
192	0.00040032025620496394
163	0.00040032025620496394
981	0.00040032025620496394
657	0.00040032025620496394
594	0.00040032025620496394
819	0.00040032025620496394
265	0.00040032025620496394
604	0.00040032025620496394
894	0.00040032025620496394
030	0.00040032025620496394
471	0.00040032025620496394
097	0.00040032025620496394
899	0.00040032025620496394
951	0.00040032025620496394
814	0.00040032025620496394
468	0.00040032025620496394
838	0.00040032025620496394
889	0.00040032025620496394
779	0.00040032025620496394
184	0.00040032025620496394
354	0.00040032025620496394
761	0.00040032025620496394
575	0.00040032025620496394
897	0.00040032025620496394
339	0.00040032025620496394
298	0.00040032025620496394
712	0.00040032025620496394
173	0.00040032025620496394
395	0.00040032025620496394
361	0.00040032025620496394
466	0.00040032025620496394
773	0.00040032025620496394
985	0.00040032025620496394
956	0.00040032025620496394
087	0.00040032025620496394
470	0.00040032025620496394
850	0.00040032025620496394
598	0.00040032025620496394
271	0.00040032025620496394
750	0.00040032025620496394
991	0.00040032025620496394
806	0.00040032025620496394
460	0.00040032025620496394
633	0.00040032025620496394
558	0.00040032025620496394
822	0.00040032025620496394
804	0.00040032025620496394
944	0.00040032025620496394
371	0.00040032025620496394
095	0.00040032025620496394
293	0.0002668801708033093
566	0.0002668801708033093
341	0.0002668801708033093
972	0.0002668801708033093
394	0.0002668801708033093
639	0.0002668801708033093
582	0.0002668801708033093
979	0.0002668801708033093
953	0.0002668801708033093
790	0.0002668801708033093
902	0.0002668801708033093
379	0.0002668801708033093
094	0.0002668801708033093
327	0.0002668801708033093
994	0.0002668801708033093
442	0.0002668801708033093
745	0.0002668801708033093
872	0.0002668801708033093
599	0.0002668801708033093
037	0.0002668801708033093
621	0.0002668801708033093
680	0.0002668801708033093
661	0.0002668801708033093
651	0.0002668801708033093
660	0.0002668801708033093
825	0.0002668801708033093
644	0.0002668801708033093
034	0.0002668801708033093
302	0.0002668801708033093
535	0.0002668801708033093
977	0.0002668801708033093
083	0.0002668801708033093
533	0.0002668801708033093
802	0.0002668801708033093
079	0.0002668801708033093
376	0.0002668801708033093
024	0.0002668801708033093
064	0.0002668801708033093
695	0.0002668801708033093
406	0.0002668801708033093
397	0.0002668801708033093
577	0.0002668801708033093
658	0.0002668801708033093
137	0.0002668801708033093
570	0.0002668801708033093
171	0.0002668801708033093
886	0.0002668801708033093
862	0.0002668801708033093
950	0.0002668801708033093
783	0.0002668801708033093
589	0.0002668801708033093
971	0.0002668801708033093
391	0.0002668801708033093
153	0.0002668801708033093
764	0.0002668801708033093
964	0.0002668801708033093
179	0.0002668801708033093
970	0.0002668801708033093
061	0.0002668801708033093
898	0.0002668801708033093
893	0.0002668801708033093
431	0.0002668801708033093
487	0.0002668801708033093
754	0.0002668801708033093
882	0.0002668801708033093
691	0.0002668801708033093
467	0.0002668801708033093
706	0.0002668801708033093
792	0.0002668801708033093
986	0.0002668801708033093
465	0.0002668801708033093
261	0.0002668801708033093
586	0.0002668801708033093
392	0.0002668801708033093
042	0.0002668801708033093
138	0.0002668801708033093
046	0.0002668801708033093
672	0.0002668801708033093
870	0.0002668801708033093
075	0.0002668801708033093
078	0.0002668801708033093
362	0.0002668801708033093
653	0.0002668801708033093
794	0.0002668801708033093
926	0.0002668801708033093
737	0.0002668801708033093
938	0.0002668801708033093
358	0.0002668801708033093
685	0.0002668801708033093
194	0.0002668801708033093
291	0.0002668801708033093
736	0.0002668801708033093
356	0.0002668801708033093
335	0.0002668801708033093
906	0.0002668801708033093
090	0.0002668801708033093
984	0.0002668801708033093
072	0.0002668801708033093
076	0.0002668801708033093
843	0.0002668801708033093
767	0.0002668801708033093
549	0.0002668801708033093
544	0.0002668801708033093
871	0.0002668801708033093
490	0.0002668801708033093
675	0.0002668801708033093
270	0.0002668801708033093
440	0.0002668801708033093
478	0.0002668801708033093
860	0.0002668801708033093
259	0.0002668801708033093
484	0.0002668801708033093
960	0.0002668801708033093
753	0.0002668801708033093
684	0.0002668801708033093
867	0.0002668801708033093
331	0.0002668801708033093
908	0.0002668801708033093
045	0.0002668801708033093
647	0.0002668801708033093
799	0.0002668801708033093
793	0.0002668801708033093
494	0.0002668801708033093
435	0.0002668801708033093
946	0.0002668801708033093
044	0.0002668801708033093
760	0.0002668801708033093
755	0.0002668801708033093
884	0.0002668801708033093
887	0.0002668801708033093
689	0.0002668801708033093
274	0.0002668801708033093
032	0.0002668801708033093
966	0.0002668801708033093
803	0.0002668801708033093
868	0.0002668801708033093
537	0.0002668801708033093
355	0.0002668801708033093
276	0.0002668801708033093
608	0.0002668801708033093
280	0.0002668801708033093
366	0.0002668801708033093
055	0.0002668801708033093
942	0.0002668801708033093
595	0.0002668801708033093
553	0.0002668801708033093
363	0.0002668801708033093
768	0.0002668801708033093
636	0.0002668801708033093
775	0.0002668801708033093
461	0.0002668801708033093
798	0.0002668801708033093
066	0.0002668801708033093
368	0.00013344008540165466
063	0.00013344008540165466
092	0.00013344008540165466
948	0.00013344008540165466
863	0.00013344008540165466
640	0.00013344008540165466
857	0.00013344008540165466
481	0.00013344008540165466
437	0.00013344008540165466
974	0.00013344008540165466
448	0.00013344008540165466
528	0.00013344008540165466
029	0.00013344008540165466
834	0.00013344008540165466
196	0.00013344008540165466
968	0.00013344008540165466
542	0.00013344008540165466
477	0.00013344008540165466
807	0.00013344008540165466
638	0.00013344008540165466
441	0.00013344008540165466
738	0.00013344008540165466
068	0.00013344008540165466
752	0.00013344008540165466
785	0.00013344008540165466
587	0.00013344008540165466
571	0.00013344008540165466
699	0.00013344008540165466
989	0.00013344008540165466
673	0.00013344008540165466
961	0.00013344008540165466
832	0.00013344008540165466
506	0.00013344008540165466
842	0.00013344008540165466
995	0.00013344008540165466
632	0.00013344008540165466
940	0.00013344008540165466
380	0.00013344008540165466
795	0.00013344008540165466
697	0.00013344008540165466
820	0.00013344008540165466
161	0.00013344008540165466
875	0.00013344008540165466
580	0.00013344008540165466
581	0.00013344008540165466
084	0.00013344008540165466
859	0.00013344008540165466
453	0.00013344008540165466
682	0.00013344008540165466
057	0.00013344008540165466
771	0.00013344008540165466
758	0.00013344008540165466
788	0.00013344008540165466
597	0.00013344008540165466
054	0.00013344008540165466
056	0.00013344008540165466
833	0.00013344008540165466
040	0.00013344008540165466
486	0.00013344008540165466
338	0.00013344008540165466
592	0.00013344008540165466
492	0.00013344008540165466
751	0.00013344008540165466
047	0.00013344008540165466
879	0.00013344008540165466
858	0.00013344008540165466
436	0.00013344008540165466
446	0.00013344008540165466
096	0.00013344008540165466
578	0.00013344008540165466
081	0.00013344008540165466
605	0.00013344008540165466
554	0.00013344008540165466
967	0.00013344008540165466
534	0.00013344008540165466
782	0.00013344008540165466
780	0.00013344008540165466
576	0.00013344008540165466
749	0.00013344008540165466
759	0.00013344008540165466
659	0.00013344008540165466
655	0.00013344008540165466
491	0.00013344008540165466
499	0.00013344008540165466
975	0.00013344008540165466
574	0.00013344008540165466
495	0.00013344008540165466
885	0.00013344008540165466
687	0.00013344008540165466
367	0.00013344008540165466
584	0.00013344008540165466
796	0.00013344008540165466
051	0.00013344008540165466
677	0.00013344008540165466
058	0.00013344008540165466
976	0.00013344008540165466
093	0.00013344008540165466
734	0.00013344008540165466
958	0.00013344008540165466
591	0.00013344008540165466
294	0.00013344008540165466
071	0.00013344008540165466
748	0.00013344008540165466
896	0.00013344008540165466
746	0.00013344008540165466
299	0.00013344008540165466
851	0.00013344008540165466
074	0.00013344008540165466
473	0.00013344008540165466
244	0.00013344008540165466
848	0.00013344008540165466
560	0.00013344008540165466
596	0.00013344008540165466
375	0.00013344008540165466
464	0.00013344008540165466
844	0.00013344008540165466
744	0.00013344008540165466
957	0.00013344008540165466
634	0.00013344008540165466
286	0.00013344008540165466
784	0.00013344008540165466
449	0.00013344008540165466
997	0.00013344008540165466
438	0.00013344008540165466
891	0.00013344008540165466
563	0.00013344008540165466
945	0.00013344008540165466
455	0.00013344008540165466
080	0.00013344008540165466
686	0.00013344008540165466
847	0.00013344008540165466
733	0.00013344008540165466
088	0.00013344008540165466
377	0.00013344008540165466
873	0.00013344008540165466
278	0.00013344008540165466
969	0.00013344008540165466
