12345	0.04479840716774515
55555	0.003982080637132902
13579	0.003484320557491289
54321	0.0029865604778496766
11111	0.001991040318566451
12007	0.0014932802389248383
88888	0.0009955201592832255
61983	0.0009955201592832255
61032	0.0009955201592832255
71506	0.0009955201592832255
12306	0.0009955201592832255
10325	0.0009955201592832255
91191	0.0009955201592832255
11392	0.0009955201592832255
10588	0.0009955201592832255
62308	0.0009955201592832255
61306	0.0009955201592832255
14344	0.0009955201592832255
10626	0.0009955201592832255
99115	0.0009955201592832255
00123	0.0009955201592832255
10987	0.0009955201592832255
12311	0.0009955201592832255
62781	0.0009955201592832255
21427	0.0009955201592832255
41987	0.0009955201592832255
11534	0.0009955201592832255
01263	0.0009955201592832255
90210	0.0009955201592832255
10000	0.0009955201592832255
20004	0.0009955201592832255
11504	0.0009955201592832255
12221	0.0009955201592832255
92105	0.0009955201592832255
11385	0.0009955201592832255
31695	0.0009955201592832255
15111	0.0009955201592832255
10181	0.0009955201592832255
82465	0.0009955201592832255
47374	0.0009955201592832255
42389	0.0009955201592832255
56008	0.0009955201592832255
12588	0.0009955201592832255
91387	0.0009955201592832255
11235	0.0009955201592832255
00012	0.0009955201592832255
41975	0.0009955201592832255
12344	0.0009955201592832255
56789	0.0009955201592832255
11302	0.0009955201592832255
95124	0.0009955201592832255
22120	0.0009955201592832255
31974	0.0009955201592832255
92206	0.0009955201592832255
01304	0.0009955201592832255
96792	0.0009955201592832255
12369	0.0009955201592832255
81004	0.0009955201592832255
15425	0.0009955201592832255
22765	0.0009955201592832255
12313	0.0009955201592832255
23456	0.0009955201592832255
19180	0.0009955201592832255
20000	0.0009955201592832255
20390	0.0004977600796416127
80808	0.0004977600796416127
98338	0.0004977600796416127
06710	0.0004977600796416127
84506	0.0004977600796416127
07871	0.0004977600796416127
21184	0.0004977600796416127
09629	0.0004977600796416127
11409	0.0004977600796416127
33194	0.0004977600796416127
10912	0.0004977600796416127
28583	0.0004977600796416127
71990	0.0004977600796416127
06017	0.0004977600796416127
12975	0.0004977600796416127
12510	0.0004977600796416127
12133	0.0004977600796416127
61190	0.0004977600796416127
33460	0.0004977600796416127
90810	0.0004977600796416127
12358	0.0004977600796416127
73087	0.0004977600796416127
56681	0.0004977600796416127
36245	0.0004977600796416127
71604	0.0004977600796416127
71984	0.0004977600796416127
63789	0.0004977600796416127
16139	0.0004977600796416127
65800	0.0004977600796416127
48990	0.0004977600796416127
10233	0.0004977600796416127
12700	0.0004977600796416127
11981	0.0004977600796416127
12224	0.0004977600796416127
41991	0.0004977600796416127
76704	0.0004977600796416127
15001	0.0004977600796416127
17595	0.0004977600796416127
32997	0.0004977600796416127
34095	0.0004977600796416127
62194	0.0004977600796416127
01900	0.0004977600796416127
96021	0.0004977600796416127
20041	0.0004977600796416127
36555	0.0004977600796416127
91522	0.0004977600796416127
23955	0.0004977600796416127
12085	0.0004977600796416127
76136	0.0004977600796416127
42194	0.0004977600796416127
32837	0.0004977600796416127
13676	0.0004977600796416127
10081	0.0004977600796416127
94226	0.0004977600796416127
31549	0.0004977600796416127
83191	0.0004977600796416127
52421	0.0004977600796416127
03251	0.0004977600796416127
24142	0.0004977600796416127
14776	0.0004977600796416127
75123	0.0004977600796416127
07208	0.0004977600796416127
01188	0.0004977600796416127
15982	0.0004977600796416127
96321	0.0004977600796416127
27896	0.0004977600796416127
65738	0.0004977600796416127
92110	0.0004977600796416127
25648	0.0004977600796416127
56918	0.0004977600796416127
87046	0.0004977600796416127
15937	0.0004977600796416127
25067	0.0004977600796416127
04259	0.0004977600796416127
15035	0.0004977600796416127
41195	0.0004977600796416127
35244	0.0004977600796416127
21157	0.0004977600796416127
32388	0.0004977600796416127
13227	0.0004977600796416127
62877	0.0004977600796416127
10489	0.0004977600796416127
44236	0.0004977600796416127
90187	0.0004977600796416127
31278	0.0004977600796416127
77563	0.0004977600796416127
40302	0.0004977600796416127
31213	0.0004977600796416127
91189	0.0004977600796416127
09715	0.0004977600796416127
51709	0.0004977600796416127
16976	0.0004977600796416127
35149	0.0004977600796416127
51103	0.0004977600796416127
30004	0.0004977600796416127
79933	0.0004977600796416127
35092	0.0004977600796416127
25846	0.0004977600796416127
21500	0.0004977600796416127
71777	0.0004977600796416127
97466	0.0004977600796416127
22400	0.0004977600796416127
95692	0.0004977600796416127
00914	0.0004977600796416127
74740	0.0004977600796416127
35214	0.0004977600796416127
12327	0.0004977600796416127
51341	0.0004977600796416127
99333	0.0004977600796416127
90678	0.0004977600796416127
17055	0.0004977600796416127
55221	0.0004977600796416127
45339	0.0004977600796416127
14364	0.0004977600796416127
26384	0.0004977600796416127
22001	0.0004977600796416127
88300	0.0004977600796416127
07210	0.0004977600796416127
85259	0.0004977600796416127
43843	0.0004977600796416127
79197	0.0004977600796416127
32357	0.0004977600796416127
28733	0.0004977600796416127
18669	0.0004977600796416127
10771	0.0004977600796416127
25242	0.0004977600796416127
71387	0.0004977600796416127
71206	0.0004977600796416127
72545	0.0004977600796416127
49442	0.0004977600796416127
14011	0.0004977600796416127
01293	0.0004977600796416127
91103	0.0004977600796416127
66613	0.0004977600796416127
87591	0.0004977600796416127
58911	0.0004977600796416127
37805	0.0004977600796416127
19113	0.0004977600796416127
69918	0.0004977600796416127
78344	0.0004977600796416127
23000	0.0004977600796416127
32319	0.0004977600796416127
22377	0.0004977600796416127
23233	0.0004977600796416127
60629	0.0004977600796416127
07818	0.0004977600796416127
83067	0.0004977600796416127
22312	0.0004977600796416127
14333	0.0004977600796416127
15740	0.0004977600796416127
37753	0.0004977600796416127
11905	0.0004977600796416127
12365	0.0004977600796416127
92681	0.0004977600796416127
62985	0.0004977600796416127
21135	0.0004977600796416127
66101	0.0004977600796416127
30517	0.0004977600796416127
05712	0.0004977600796416127
20001	0.0004977600796416127
73013	0.0004977600796416127
62668	0.0004977600796416127
37820	0.0004977600796416127
29749	0.0004977600796416127
04246	0.0004977600796416127
10452	0.0004977600796416127
12591	0.0004977600796416127
51791	0.0004977600796416127
21483	0.0004977600796416127
69798	0.0004977600796416127
21793	0.0004977600796416127
19394	0.0004977600796416127
06696	0.0004977600796416127
33014	0.0004977600796416127
17456	0.0004977600796416127
72507	0.0004977600796416127
66425	0.0004977600796416127
60066	0.0004977600796416127
90821	0.0004977600796416127
32811	0.0004977600796416127
87459	0.0004977600796416127
31998	0.0004977600796416127
82010	0.0004977600796416127
10202	0.0004977600796416127
17128	0.0004977600796416127
14753	0.0004977600796416127
23452	0.0004977600796416127
13228	0.0004977600796416127
27824	0.0004977600796416127
31907	0.0004977600796416127
83196	0.0004977600796416127
83106	0.0004977600796416127
42503	0.0004977600796416127
42192	0.0004977600796416127
08032	0.0004977600796416127
52784	0.0004977600796416127
91687	0.0004977600796416127
12145	0.0004977600796416127
22134	0.0004977600796416127
42280	0.0004977600796416127
16444	0.0004977600796416127
11432	0.0004977600796416127
32795	0.0004977600796416127
22725	0.0004977600796416127
92008	0.0004977600796416127
24187	0.0004977600796416127
54501	0.0004977600796416127
74210	0.0004977600796416127
41677	0.0004977600796416127
07300	0.0004977600796416127
66320	0.0004977600796416127
91120	0.0004977600796416127
30116	0.0004977600796416127
49709	0.0004977600796416127
25213	0.0004977600796416127
85364	0.0004977600796416127
03317	0.0004977600796416127
81844	0.0004977600796416127
55497	0.0004977600796416127
99473	0.0004977600796416127
23439	0.0004977600796416127
87262	0.0004977600796416127
12129	0.0004977600796416127
51792	0.0004977600796416127
10940	0.0004977600796416127
30511	0.0004977600796416127
31385	0.0004977600796416127
49126	0.0004977600796416127
13552	0.0004977600796416127
21993	0.0004977600796416127
11788	0.0004977600796416127
33285	0.0004977600796416127
23848	0.0004977600796416127
52002	0.0004977600796416127
19810	0.0004977600796416127
37920	0.0004977600796416127
67220	0.0004977600796416127
21366	0.0004977600796416127
97143	0.0004977600796416127
10503	0.0004977600796416127
25098	0.0004977600796416127
10355	0.0004977600796416127
40664	0.0004977600796416127
27521	0.0004977600796416127
21403	0.0004977600796416127
52571	0.0004977600796416127
21564	0.0004977600796416127
11694	0.0004977600796416127
29580	0.0004977600796416127
95969	0.0004977600796416127
90377	0.0004977600796416127
63496	0.0004977600796416127
60500	0.0004977600796416127
31078	0.0004977600796416127
83166	0.0004977600796416127
86510	0.0004977600796416127
53061	0.0004977600796416127
10184	0.0004977600796416127
11606	0.0004977600796416127
14966	0.0004977600796416127
48706	0.0004977600796416127
95376	0.0004977600796416127
52295	0.0004977600796416127
17228	0.0004977600796416127
41542	0.0004977600796416127
71783	0.0004977600796416127
26571	0.0004977600796416127
12994	0.0004977600796416127
38592	0.0004977600796416127
74981	0.0004977600796416127
95123	0.0004977600796416127
12351	0.0004977600796416127
14822	0.0004977600796416127
26284	0.0004977600796416127
12489	0.0004977600796416127
34758	0.0004977600796416127
77088	0.0004977600796416127
95175	0.0004977600796416127
35579	0.0004977600796416127
44762	0.0004977600796416127
41011	0.0004977600796416127
23080	0.0004977600796416127
22710	0.0004977600796416127
27174	0.0004977600796416127
29576	0.0004977600796416127
61114	0.0004977600796416127
33101	0.0004977600796416127
71486	0.0004977600796416127
46516	0.0004977600796416127
08505	0.0004977600796416127
89220	0.0004977600796416127
60242	0.0004977600796416127
71977	0.0004977600796416127
08537	0.0004977600796416127
14198	0.0004977600796416127
92691	0.0004977600796416127
07014	0.0004977600796416127
16312	0.0004977600796416127
25641	0.0004977600796416127
04680	0.0004977600796416127
60200	0.0004977600796416127
16694	0.0004977600796416127
09193	0.0004977600796416127
16224	0.0004977600796416127
44316	0.0004977600796416127
10280	0.0004977600796416127
66738	0.0004977600796416127
33192	0.0004977600796416127
29751	0.0004977600796416127
22069	0.0004977600796416127
68107	0.0004977600796416127
30319	0.0004977600796416127
47164	0.0004977600796416127
08528	0.0004977600796416127
38557	0.0004977600796416127
92404	0.0004977600796416127
95119	0.0004977600796416127
14321	0.0004977600796416127
58393	0.0004977600796416127
90620	0.0004977600796416127
92703	0.0004977600796416127
10073	0.0004977600796416127
20359	0.0004977600796416127
71190	0.0004977600796416127
50307	0.0004977600796416127
13286	0.0004977600796416127
54334	0.0004977600796416127
17018	0.0004977600796416127
21201	0.0004977600796416127
21286	0.0004977600796416127
70364	0.0004977600796416127
41390	0.0004977600796416127
55074	0.0004977600796416127
01953	0.0004977600796416127
80085	0.0004977600796416127
08484	0.0004977600796416127
15376	0.0004977600796416127
51172	0.0004977600796416127
24029	0.0004977600796416127
91210	0.0004977600796416127
46045	0.0004977600796416127
78900	0.0004977600796416127
65329	0.0004977600796416127
92151	0.0004977600796416127
14300	0.0004977600796416127
38621	0.0004977600796416127
51374	0.0004977600796416127
24911	0.0004977600796416127
12432	0.0004977600796416127
41599	0.0004977600796416127
37593	0.0004977600796416127
15055	0.0004977600796416127
79066	0.0004977600796416127
46722	0.0004977600796416127
79906	0.0004977600796416127
51985	0.0004977600796416127
31901	0.0004977600796416127
08531	0.0004977600796416127
55220	0.0004977600796416127
12741	0.0004977600796416127
62100	0.0004977600796416127
07628	0.0004977600796416127
38085	0.0004977600796416127
33315	0.0004977600796416127
82369	0.0004977600796416127
89396	0.0004977600796416127
26693	0.0004977600796416127
41290	0.0004977600796416127
82767	0.0004977600796416127
81257	0.0004977600796416127
91312	0.0004977600796416127
85559	0.0004977600796416127
21156	0.0004977600796416127
25589	0.0004977600796416127
10558	0.0004977600796416127
52387	0.0004977600796416127
42692	0.0004977600796416127
20539	0.0004977600796416127
21409	0.0004977600796416127
19971	0.0004977600796416127
11546	0.0004977600796416127
28772	0.0004977600796416127
21948	0.0004977600796416127
81083	0.0004977600796416127
67130	0.0004977600796416127
70094	0.0004977600796416127
88545	0.0004977600796416127
64542	0.0004977600796416127
21162	0.0004977600796416127
62895	0.0004977600796416127
15422	0.0004977600796416127
70560	0.0004977600796416127
61977	0.0004977600796416127
24627	0.0004977600796416127
29862	0.0004977600796416127
92706	0.0004977600796416127
51929	0.0004977600796416127
87551	0.0004977600796416127
52997	0.0004977600796416127
14353	0.0004977600796416127
11596	0.0004977600796416127
11629	0.0004977600796416127
51790	0.0004977600796416127
50716	0.0004977600796416127
43755	0.0004977600796416127
11450	0.0004977600796416127
10305	0.0004977600796416127
23547	0.0004977600796416127
19149	0.0004977600796416127
82991	0.0004977600796416127
53006	0.0004977600796416127
06222	0.0004977600796416127
85318	0.0004977600796416127
27963	0.0004977600796416127
82395	0.0004977600796416127
33930	0.0004977600796416127
11980	0.0004977600796416127
82785	0.0004977600796416127
13533	0.0004977600796416127
95951	0.0004977600796416127
21106	0.0004977600796416127
22903	0.0004977600796416127
11746	0.0004977600796416127
30183	0.0004977600796416127
15522	0.0004977600796416127
10507	0.0004977600796416127
35217	0.0004977600796416127
15289	0.0004977600796416127
11320	0.0004977600796416127
87348	0.0004977600796416127
28215	0.0004977600796416127
12309	0.0004977600796416127
26628	0.0004977600796416127
33408	0.0004977600796416127
24260	0.0004977600796416127
35078	0.0004977600796416127
11790	0.0004977600796416127
12697	0.0004977600796416127
10381	0.0004977600796416127
81408	0.0004977600796416127
63933	0.0004977600796416127
26985	0.0004977600796416127
71607	0.0004977600796416127
61592	0.0004977600796416127
28287	0.0004977600796416127
47247	0.0004977600796416127
41608	0.0004977600796416127
61502	0.0004977600796416127
11448	0.0004977600796416127
38298	0.0004977600796416127
67753	0.0004977600796416127
42294	0.0004977600796416127
38533	0.0004977600796416127
71383	0.0004977600796416127
11366	0.0004977600796416127
01185	0.0004977600796416127
11419	0.0004977600796416127
04263	0.0004977600796416127
70112	0.0004977600796416127
19544	0.0004977600796416127
33710	0.0004977600796416127
46546	0.0004977600796416127
10776	0.0004977600796416127
17815	0.0004977600796416127
16366	0.0004977600796416127
03699	0.0004977600796416127
51550	0.0004977600796416127
02389	0.0004977600796416127
21880	0.0004977600796416127
21695	0.0004977600796416127
39465	0.0004977600796416127
12203	0.0004977600796416127
14605	0.0004977600796416127
13878	0.0004977600796416127
62488	0.0004977600796416127
93201	0.0004977600796416127
03119	0.0004977600796416127
11245	0.0004977600796416127
12494	0.0004977600796416127
15468	0.0004977600796416127
30504	0.0004977600796416127
12265	0.0004977600796416127
42443	0.0004977600796416127
33186	0.0004977600796416127
22591	0.0004977600796416127
13181	0.0004977600796416127
12623	0.0004977600796416127
09561	0.0004977600796416127
55936	0.0004977600796416127
09846	0.0004977600796416127
99073	0.0004977600796416127
65925	0.0004977600796416127
71384	0.0004977600796416127
15990	0.0004977600796416127
37706	0.0004977600796416127
41310	0.0004977600796416127
11994	0.0004977600796416127
82008	0.0004977600796416127
12261	0.0004977600796416127
14859	0.0004977600796416127
20137	0.0004977600796416127
24011	0.0004977600796416127
46360	0.0004977600796416127
94303	0.0004977600796416127
12496	0.0004977600796416127
73648	0.0004977600796416127
10926	0.0004977600796416127
92298	0.0004977600796416127
10933	0.0004977600796416127
38113	0.0004977600796416127
09145	0.0004977600796416127
00720	0.0004977600796416127
92487	0.0004977600796416127
38547	0.0004977600796416127
11722	0.0004977600796416127
11552	0.0004977600796416127
12502	0.0004977600796416127
32498	0.0004977600796416127
71403	0.0004977600796416127
45879	0.0004977600796416127
31505	0.0004977600796416127
45224	0.0004977600796416127
53401	0.0004977600796416127
74868	0.0004977600796416127
28411	0.0004977600796416127
19975	0.0004977600796416127
15330	0.0004977600796416127
02468	0.0004977600796416127
32003	0.0004977600796416127
15516	0.0004977600796416127
11922	0.0004977600796416127
11379	0.0004977600796416127
92978	0.0004977600796416127
62890	0.0004977600796416127
05119	0.0004977600796416127
19888	0.0004977600796416127
81604	0.0004977600796416127
10101	0.0004977600796416127
95128	0.0004977600796416127
81091	0.0004977600796416127
78988	0.0004977600796416127
71388	0.0004977600796416127
32006	0.0004977600796416127
20067	0.0004977600796416127
01279	0.0004977600796416127
27291	0.0004977600796416127
80203	0.0004977600796416127
12029	0.0004977600796416127
65511	0.0004977600796416127
23475	0.0004977600796416127
51897	0.0004977600796416127
71308	0.0004977600796416127
11167	0.0004977600796416127
00521	0.0004977600796416127
15086	0.0004977600796416127
73154	0.0004977600796416127
64732	0.0004977600796416127
91762	0.0004977600796416127
19802	0.0004977600796416127
25367	0.0004977600796416127
71605	0.0004977600796416127
36895	0.0004977600796416127
19995	0.0004977600796416127
81905	0.0004977600796416127
32868	0.0004977600796416127
22789	0.0004977600796416127
11996	0.0004977600796416127
81095	0.0004977600796416127
19912	0.0004977600796416127
92005	0.0004977600796416127
84543	0.0004977600796416127
21204	0.0004977600796416127
44446	0.0004977600796416127
15758	0.0004977600796416127
55957	0.0004977600796416127
32089	0.0004977600796416127
21035	0.0004977600796416127
49949	0.0004977600796416127
12907	0.0004977600796416127
52175	0.0004977600796416127
57150	0.0004977600796416127
61704	0.0004977600796416127
56678	0.0004977600796416127
33971	0.0004977600796416127
11278	0.0004977600796416127
12764	0.0004977600796416127
33333	0.0004977600796416127
07568	0.0004977600796416127
31046	0.0004977600796416127
11383	0.0004977600796416127
02295	0.0004977600796416127
46239	0.0004977600796416127
10496	0.0004977600796416127
12378	0.0004977600796416127
71310	0.0004977600796416127
83890	0.0004977600796416127
31177	0.0004977600796416127
28339	0.0004977600796416127
06829	0.0004977600796416127
15871	0.0004977600796416127
93065	0.0004977600796416127
80383	0.0004977600796416127
19862	0.0004977600796416127
22162	0.0004977600796416127
33909	0.0004977600796416127
18956	0.0004977600796416127
53103	0.0004977600796416127
92673	0.0004977600796416127
21881	0.0004977600796416127
41212	0.0004977600796416127
32691	0.0004977600796416127
15194	0.0004977600796416127
51390	0.0004977600796416127
73206	0.0004977600796416127
36314	0.0004977600796416127
18286	0.0004977600796416127
01470	0.0004977600796416127
46975	0.0004977600796416127
91897	0.0004977600796416127
81981	0.0004977600796416127
93442	0.0004977600796416127
91604	0.0004977600796416127
17505	0.0004977600796416127
27494	0.0004977600796416127
55379	0.0004977600796416127
57641	0.0004977600796416127
62199	0.0004977600796416127
11027	0.0004977600796416127
63119	0.0004977600796416127
12356	0.0004977600796416127
28379	0.0004977600796416127
31200	0.0004977600796416127
25118	0.0004977600796416127
25847	0.0004977600796416127
01988	0.0004977600796416127
91270	0.0004977600796416127
40620	0.0004977600796416127
44835	0.0004977600796416127
82805	0.0004977600796416127
01091	0.0004977600796416127
73198	0.0004977600796416127
51986	0.0004977600796416127
51208	0.0004977600796416127
61905	0.0004977600796416127
29814	0.0004977600796416127
57832	0.0004977600796416127
14808	0.0004977600796416127
51213	0.0004977600796416127
72389	0.0004977600796416127
14741	0.0004977600796416127
22777	0.0004977600796416127
63193	0.0004977600796416127
82593	0.0004977600796416127
13008	0.0004977600796416127
08873	0.0004977600796416127
11493	0.0004977600796416127
61794	0.0004977600796416127
23072	0.0004977600796416127
91690	0.0004977600796416127
00383	0.0004977600796416127
17930	0.0004977600796416127
31284	0.0004977600796416127
15633	0.0004977600796416127
81286	0.0004977600796416127
41101	0.0004977600796416127
91381	0.0004977600796416127
90016	0.0004977600796416127
72497	0.0004977600796416127
27302	0.0004977600796416127
25104	0.0004977600796416127
11566	0.0004977600796416127
04027	0.0004977600796416127
61705	0.0004977600796416127
87112	0.0004977600796416127
18595	0.0004977600796416127
11139	0.0004977600796416127
28479	0.0004977600796416127
15697	0.0004977600796416127
31688	0.0004977600796416127
32503	0.0004977600796416127
19735	0.0004977600796416127
28619	0.0004977600796416127
92690	0.0004977600796416127
72974	0.0004977600796416127
06789	0.0004977600796416127
82824	0.0004977600796416127
35417	0.0004977600796416127
52532	0.0004977600796416127
11779	0.0004977600796416127
41786	0.0004977600796416127
55446	0.0004977600796416127
77033	0.0004977600796416127
79936	0.0004977600796416127
74739	0.0004977600796416127
24689	0.0004977600796416127
37951	0.0004977600796416127
72669	0.0004977600796416127
88636	0.0004977600796416127
42369	0.0004977600796416127
42004	0.0004977600796416127
08085	0.0004977600796416127
42308	0.0004977600796416127
21705	0.0004977600796416127
03227	0.0004977600796416127
71593	0.0004977600796416127
14712	0.0004977600796416127
63138	0.0004977600796416127
45678	0.0004977600796416127
13065	0.0004977600796416127
15519	0.0004977600796416127
21237	0.0004977600796416127
44400	0.0004977600796416127
91895	0.0004977600796416127
15146	0.0004977600796416127
40504	0.0004977600796416127
92604	0.0004977600796416127
61133	0.0004977600796416127
08510	0.0004977600796416127
03044	0.0004977600796416127
89257	0.0004977600796416127
51785	0.0004977600796416127
16783	0.0004977600796416127
19025	0.0004977600796416127
40361	0.0004977600796416127
62388	0.0004977600796416127
11224	0.0004977600796416127
38698	0.0004977600796416127
82704	0.0004977600796416127
72639	0.0004977600796416127
42189	0.0004977600796416127
74642	0.0004977600796416127
17764	0.0004977600796416127
11362	0.0004977600796416127
50342	0.0004977600796416127
71708	0.0004977600796416127
17001	0.0004977600796416127
60156	0.0004977600796416127
11238	0.0004977600796416127
19607	0.0004977600796416127
71889	0.0004977600796416127
00420	0.0004977600796416127
61966	0.0004977600796416127
78626	0.0004977600796416127
72000	0.0004977600796416127
57856	0.0004977600796416127
18535	0.0004977600796416127
30244	0.0004977600796416127
50506	0.0004977600796416127
17484	0.0004977600796416127
16018	0.0004977600796416127
91602	0.0004977600796416127
27307	0.0004977600796416127
31354	0.0004977600796416127
18502	0.0004977600796416127
25458	0.0004977600796416127
91160	0.0004977600796416127
30815	0.0004977600796416127
82288	0.0004977600796416127
95121	0.0004977600796416127
51087	0.0004977600796416127
93108	0.0004977600796416127
62766	0.0004977600796416127
11389	0.0004977600796416127
87829	0.0004977600796416127
90583	0.0004977600796416127
34310	0.0004977600796416127
65633	0.0004977600796416127
45014	0.0004977600796416127
66966	0.0004977600796416127
33609	0.0004977600796416127
33360	0.0004977600796416127
22014	0.0004977600796416127
83344	0.0004977600796416127
42094	0.0004977600796416127
87467	0.0004977600796416127
92600	0.0004977600796416127
51604	0.0004977600796416127
42983	0.0004977600796416127
86042	0.0004977600796416127
98862	0.0004977600796416127
62993	0.0004977600796416127
18290	0.0004977600796416127
93277	0.0004977600796416127
02109	0.0004977600796416127
13102	0.0004977600796416127
03159	0.0004977600796416127
22748	0.0004977600796416127
22461	0.0004977600796416127
49710	0.0004977600796416127
27000	0.0004977600796416127
61830	0.0004977600796416127
21497	0.0004977600796416127
22456	0.0004977600796416127
86588	0.0004977600796416127
71706	0.0004977600796416127
28144	0.0004977600796416127
92183	0.0004977600796416127
17156	0.0004977600796416127
00000	0.0004977600796416127
39460	0.0004977600796416127
07123	0.0004977600796416127
21345	0.0004977600796416127
48695	0.0004977600796416127
01726	0.0004977600796416127
95455	0.0004977600796416127
92167	0.0004977600796416127
17690	0.0004977600796416127
18488	0.0004977600796416127
46540	0.0004977600796416127
89765	0.0004977600796416127
22140	0.0004977600796416127
12392	0.0004977600796416127
10896	0.0004977600796416127
58527	0.0004977600796416127
92591	0.0004977600796416127
23515	0.0004977600796416127
15122	0.0004977600796416127
37343	0.0004977600796416127
09399	0.0004977600796416127
71985	0.0004977600796416127
02840	0.0004977600796416127
82579	0.0004977600796416127
31021	0.0004977600796416127
14589	0.0004977600796416127
02019	0.0004977600796416127
08858	0.0004977600796416127
20838	0.0004977600796416127
64789	0.0004977600796416127
01469	0.0004977600796416127
54646	0.0004977600796416127
81072	0.0004977600796416127
74401	0.0004977600796416127
10375	0.0004977600796416127
31993	0.0004977600796416127
24816	0.0004977600796416127
72586	0.0004977600796416127
11992	0.0004977600796416127
00251	0.0004977600796416127
21813	0.0004977600796416127
29989	0.0004977600796416127
37211	0.0004977600796416127
21083	0.0004977600796416127
11583	0.0004977600796416127
17867	0.0004977600796416127
21391	0.0004977600796416127
22983	0.0004977600796416127
07621	0.0004977600796416127
63463	0.0004977600796416127
92285	0.0004977600796416127
32001	0.0004977600796416127
22307	0.0004977600796416127
39298	0.0004977600796416127
51588	0.0004977600796416127
30234	0.0004977600796416127
12560	0.0004977600796416127
91702	0.0004977600796416127
62269	0.0004977600796416127
69999	0.0004977600796416127
00099	0.0004977600796416127
42005	0.0004977600796416127
28052	0.0004977600796416127
14915	0.0004977600796416127
22655	0.0004977600796416127
36636	0.0004977600796416127
31885	0.0004977600796416127
12215	0.0004977600796416127
54433	0.0004977600796416127
27219	0.0004977600796416127
15089	0.0004977600796416127
94022	0.0004977600796416127
17155	0.0004977600796416127
12593	0.0004977600796416127
09627	0.0004977600796416127
10441	0.0004977600796416127
18516	0.0004977600796416127
22290	0.0004977600796416127
51102	0.0004977600796416127
42392	0.0004977600796416127
12426	0.0004977600796416127
49801	0.0004977600796416127
11505	0.0004977600796416127
41266	0.0004977600796416127
44422	0.0004977600796416127
15667	0.0004977600796416127
72691	0.0004977600796416127
09647	0.0004977600796416127
82990	0.0004977600796416127
33300	0.0004977600796416127
69598	0.0004977600796416127
61504	0.0004977600796416127
14670	0.0004977600796416127
11092	0.0004977600796416127
78945	0.0004977600796416127
31415	0.0004977600796416127
93920	0.0004977600796416127
12712	0.0004977600796416127
82898	0.0004977600796416127
10524	0.0004977600796416127
15928	0.0004977600796416127
28786	0.0004977600796416127
22608	0.0004977600796416127
10418	0.0004977600796416127
52022	0.0004977600796416127
90991	0.0004977600796416127
46913	0.0004977600796416127
11150	0.0004977600796416127
14410	0.0004977600796416127
19151	0.0004977600796416127
44833	0.0004977600796416127
88509	0.0004977600796416127
23245	0.0004977600796416127
42256	0.0004977600796416127
53782	0.0004977600796416127
19458	0.0004977600796416127
60261	0.0004977600796416127
18135	0.0004977600796416127
72207	0.0004977600796416127
39834	0.0004977600796416127
32092	0.0004977600796416127
53084	0.0004977600796416127
10289	0.0004977600796416127
17363	0.0004977600796416127
22687	0.0004977600796416127
33582	0.0004977600796416127
52470	0.0004977600796416127
51890	0.0004977600796416127
57655	0.0004977600796416127
77774	0.0004977600796416127
07470	0.0004977600796416127
90913	0.0004977600796416127
22558	0.0004977600796416127
24635	0.0004977600796416127
12578	0.0004977600796416127
10193	0.0004977600796416127
96587	0.0004977600796416127
78126	0.0004977600796416127
12566	0.0004977600796416127
13484	0.0004977600796416127
06668	0.0004977600796416127
78558	0.0004977600796416127
37725	0.0004977600796416127
53000	0.0004977600796416127
49691	0.0004977600796416127
92186	0.0004977600796416127
25285	0.0004977600796416127
11211	0.0004977600796416127
01901	0.0004977600796416127
61996	0.0004977600796416127
12385	0.0004977600796416127
11289	0.0004977600796416127
12294	0.0004977600796416127
61611	0.0004977600796416127
47811	0.0004977600796416127
26347	0.0004977600796416127
39996	0.0004977600796416127
19304	0.0004977600796416127
15029	0.0004977600796416127
21226	0.0004977600796416127
74104	0.0004977600796416127
19854	0.0004977600796416127
88101	0.0004977600796416127
52286	0.0004977600796416127
62505	0.0004977600796416127
72602	0.0004977600796416127
54337	0.0004977600796416127
26427	0.0004977600796416127
10156	0.0004977600796416127
36676	0.0004977600796416127
02008	0.0004977600796416127
62107	0.0004977600796416127
51693	0.0004977600796416127
25420	0.0004977600796416127
32792	0.0004977600796416127
45321	0.0004977600796416127
71385	0.0004977600796416127
31789	0.0004977600796416127
18986	0.0004977600796416127
23308	0.0004977600796416127
33160	0.0004977600796416127
71163	0.0004977600796416127
55116	0.0004977600796416127
02203	0.0004977600796416127
42986	0.0004977600796416127
11879	0.0004977600796416127
55172	0.0004977600796416127
60091	0.0004977600796416127
94002	0.0004977600796416127
31042	0.0004977600796416127
27958	0.0004977600796416127
08948	0.0004977600796416127
82098	0.0004977600796416127
28804	0.0004977600796416127
40371	0.0004977600796416127
30724	0.0004977600796416127
12550	0.0004977600796416127
83638	0.0004977600796416127
21586	0.0004977600796416127
10962	0.0004977600796416127
11048	0.0004977600796416127
51188	0.0004977600796416127
52493	0.0004977600796416127
12394	0.0004977600796416127
12818	0.0004977600796416127
12324	0.0004977600796416127
61265	0.0004977600796416127
08315	0.0004977600796416127
92656	0.0004977600796416127
35753	0.0004977600796416127
91910	0.0004977600796416127
72001	0.0004977600796416127
37426	0.0004977600796416127
51293	0.0004977600796416127
29098	0.0004977600796416127
34169	0.0004977600796416127
47720	0.0004977600796416127
42107	0.0004977600796416127
59566	0.0004977600796416127
32927	0.0004977600796416127
42677	0.0004977600796416127
12785	0.0004977600796416127
22491	0.0004977600796416127
85022	0.0004977600796416127
15301	0.0004977600796416127
93430	0.0004977600796416127
12782	0.0004977600796416127
01996	0.0004977600796416127
17876	0.0004977600796416127
85225	0.0004977600796416127
99775	0.0004977600796416127
62195	0.0004977600796416127
50495	0.0004977600796416127
77053	0.0004977600796416127
05264	0.0004977600796416127
84710	0.0004977600796416127
12805	0.0004977600796416127
45874	0.0004977600796416127
00738	0.0004977600796416127
80072	0.0004977600796416127
40179	0.0004977600796416127
38651	0.0004977600796416127
48341	0.0004977600796416127
27724	0.0004977600796416127
04161	0.0004977600796416127
10070	0.0004977600796416127
12366	0.0004977600796416127
85436	0.0004977600796416127
12993	0.0004977600796416127
31392	0.0004977600796416127
32117	0.0004977600796416127
84852	0.0004977600796416127
33180	0.0004977600796416127
79045	0.0004977600796416127
94622	0.0004977600796416127
51505	0.0004977600796416127
22237	0.0004977600796416127
49444	0.0004977600796416127
09100	0.0004977600796416127
11484	0.0004977600796416127
50804	0.0004977600796416127
25629	0.0004977600796416127
61383	0.0004977600796416127
14936	0.0004977600796416127
71793	0.0004977600796416127
71685	0.0004977600796416127
34298	0.0004977600796416127
19974	0.0004977600796416127
21187	0.0004977600796416127
11382	0.0004977600796416127
32780	0.0004977600796416127
48354	0.0004977600796416127
42685	0.0004977600796416127
93006	0.0004977600796416127
51289	0.0004977600796416127
83006	0.0004977600796416127
51088	0.0004977600796416127
22107	0.0004977600796416127
64637	0.0004977600796416127
04017	0.0004977600796416127
27692	0.0004977600796416127
48203	0.0004977600796416127
23239	0.0004977600796416127
80441	0.0004977600796416127
13742	0.0004977600796416127
22003	0.0004977600796416127
75988	0.0004977600796416127
11494	0.0004977600796416127
48952	0.0004977600796416127
78611	0.0004977600796416127
11220	0.0004977600796416127
12973	0.0004977600796416127
74271	0.0004977600796416127
75315	0.0004977600796416127
22066	0.0004977600796416127
10500	0.0004977600796416127
81203	0.0004977600796416127
65160	0.0004977600796416127
11263	0.0004977600796416127
03698	0.0004977600796416127
97130	0.0004977600796416127
51858	0.0004977600796416127
02134	0.0004977600796416127
10123	0.0004977600796416127
19114	0.0004977600796416127
32706	0.0004977600796416127
26071	0.0004977600796416127
25818	0.0004977600796416127
92290	0.0004977600796416127
99300	0.0004977600796416127
13931	0.0004977600796416127
24690	0.0004977600796416127
27821	0.0004977600796416127
62508	0.0004977600796416127
31985	0.0004977600796416127
28188	0.0004977600796416127
32564	0.0004977600796416127
92500	0.0004977600796416127
93281	0.0004977600796416127
25858	0.0004977600796416127
48015	0.0004977600796416127
46483	0.0004977600796416127
30491	0.0004977600796416127
74219	0.0004977600796416127
82719	0.0004977600796416127
10879	0.0004977600796416127
83634	0.0004977600796416127
17510	0.0004977600796416127
36105	0.0004977600796416127
12431	0.0004977600796416127
89643	0.0004977600796416127
35747	0.0004977600796416127
32501	0.0004977600796416127
24380	0.0004977600796416127
22198	0.0004977600796416127
51199	0.0004977600796416127
44880	0.0004977600796416127
11406	0.0004977600796416127
90005	0.0004977600796416127
93270	0.0004977600796416127
41589	0.0004977600796416127
92886	0.0004977600796416127
33090	0.0004977600796416127
10112	0.0004977600796416127
72789	0.0004977600796416127
26592	0.0004977600796416127
74266	0.0004977600796416127
12789	0.0004977600796416127
16464	0.0004977600796416127
20737	0.0004977600796416127
74042	0.0004977600796416127
11201	0.0004977600796416127
21007	0.0004977600796416127
22488	0.0004977600796416127
12357	0.0004977600796416127
68898	0.0004977600796416127
15367	0.0004977600796416127
13193	0.0004977600796416127
22973	0.0004977600796416127
30590	0.0004977600796416127
32315	0.0004977600796416127
91196	0.0004977600796416127
92802	0.0004977600796416127
97128	0.0004977600796416127
26003	0.0004977600796416127
28390	0.0004977600796416127
54889	0.0004977600796416127
72778	0.0004977600796416127
65609	0.0004977600796416127
11481	0.0004977600796416127
14814	0.0004977600796416127
28465	0.0004977600796416127
86578	0.0004977600796416127
13268	0.0004977600796416127
26111	0.0004977600796416127
20641	0.0004977600796416127
35090	0.0004977600796416127
76852	0.0004977600796416127
31594	0.0004977600796416127
12396	0.0004977600796416127
00808	0.0004977600796416127
15620	0.0004977600796416127
21928	0.0004977600796416127
92204	0.0004977600796416127
29789	0.0004977600796416127
93822	0.0004977600796416127
02536	0.0004977600796416127
12450	0.0004977600796416127
19956	0.0004977600796416127
97697	0.0004977600796416127
42045	0.0004977600796416127
86000	0.0004977600796416127
23014	0.0004977600796416127
62703	0.0004977600796416127
20016	0.0004977600796416127
71680	0.0004977600796416127
17993	0.0004977600796416127
23494	0.0004977600796416127
55004	0.0004977600796416127
28236	0.0004977600796416127
62332	0.0004977600796416127
29608	0.0004977600796416127
91404	0.0004977600796416127
32995	0.0004977600796416127
23307	0.0004977600796416127
81594	0.0004977600796416127
20009	0.0004977600796416127
13188	0.0004977600796416127
81946	0.0004977600796416127
13264	0.0004977600796416127
32701	0.0004977600796416127
14230	0.0004977600796416127
72273	0.0004977600796416127
10110	0.0004977600796416127
91992	0.0004977600796416127
24022	0.0004977600796416127
77933	0.0004977600796416127
72390	0.0004977600796416127
21188	0.0004977600796416127
30040	0.0004977600796416127
21805	0.0004977600796416127
31457	0.0004977600796416127
12559	0.0004977600796416127
48030	0.0004977600796416127
41152	0.0004977600796416127
29831	0.0004977600796416127
61392	0.0004977600796416127
14748	0.0004977600796416127
89020	0.0004977600796416127
78639	0.0004977600796416127
12990	0.0004977600796416127
16937	0.0004977600796416127
35180	0.0004977600796416127
11115	0.0004977600796416127
17954	0.0004977600796416127
53215	0.0004977600796416127
23168	0.0004977600796416127
20304	0.0004977600796416127
22205	0.0004977600796416127
70270	0.0004977600796416127
42083	0.0004977600796416127
40053	0.0004977600796416127
11233	0.0004977600796416127
25909	0.0004977600796416127
56232	0.0004977600796416127
28862	0.0004977600796416127
42543	0.0004977600796416127
24923	0.0004977600796416127
28738	0.0004977600796416127
81081	0.0004977600796416127
38689	0.0004977600796416127
42601	0.0004977600796416127
11911	0.0004977600796416127
21270	0.0004977600796416127
24722	0.0004977600796416127
63360	0.0004977600796416127
08914	0.0004977600796416127
35341	0.0004977600796416127
24680	0.0004977600796416127
20558	0.0004977600796416127
51698	0.0004977600796416127
12121	0.0004977600796416127
12185	0.0004977600796416127
11717	0.0004977600796416127
12140	0.0004977600796416127
10688	0.0004977600796416127
27407	0.0004977600796416127
53297	0.0004977600796416127
07771	0.0004977600796416127
16302	0.0004977600796416127
11550	0.0004977600796416127
91792	0.0004977600796416127
01110	0.0004977600796416127
25577	0.0004977600796416127
36866	0.0004977600796416127
39406	0.0004977600796416127
98765	0.0004977600796416127
21478	0.0004977600796416127
11225	0.0004977600796416127
42267	0.0004977600796416127
87528	0.0004977600796416127
62922	0.0004977600796416127
31009	0.0004977600796416127
35757	0.0004977600796416127
90095	0.0004977600796416127
73186	0.0004977600796416127
41074	0.0004977600796416127
13764	0.0004977600796416127
61997	0.0004977600796416127
28765	0.0004977600796416127
42246	0.0004977600796416127
55065	0.0004977600796416127
75020	0.0004977600796416127
49953	0.0004977600796416127
41506	0.0004977600796416127
18222	0.0004977600796416127
72956	0.0004977600796416127
10738	0.0004977600796416127
51581	0.0004977600796416127
88924	0.0004977600796416127
52246	0.0004977600796416127
38611	0.0004977600796416127
27251	0.0004977600796416127
60224	0.0004977600796416127
62604	0.0004977600796416127
26996	0.0004977600796416127
40951	0.0004977600796416127
61399	0.0004977600796416127
31280	0.0004977600796416127
27090	0.0004977600796416127
11246	0.0004977600796416127
75423	0.0004977600796416127
58734	0.0004977600796416127
18702	0.0004977600796416127
62791	0.0004977600796416127
60792	0.0004977600796416127
19840	0.0004977600796416127
12123	0.0004977600796416127
32331	0.0004977600796416127
19376	0.0004977600796416127
27610	0.0004977600796416127
21405	0.0004977600796416127
14963	0.0004977600796416127
92587	0.0004977600796416127
10122	0.0004977600796416127
20431	0.0004977600796416127
24556	0.0004977600796416127
32887	0.0004977600796416127
01518	0.0004977600796416127
19557	0.0004977600796416127
97223	0.0004977600796416127
03145	0.0004977600796416127
70206	0.0004977600796416127
46700	0.0004977600796416127
15114	0.0004977600796416127
27635	0.0004977600796416127
88824	0.0004977600796416127
11582	0.0004977600796416127
11608	0.0004977600796416127
27156	0.0004977600796416127
35115	0.0004977600796416127
25359	0.0004977600796416127
82187	0.0004977600796416127
48416	0.0004977600796416127
32294	0.0004977600796416127
65524	0.0004977600796416127
18039	0.0004977600796416127
54135	0.0004977600796416127
88910	0.0004977600796416127
91044	0.0004977600796416127
37750	0.0004977600796416127
71072	0.0004977600796416127
34567	0.0004977600796416127
03215	0.0004977600796416127
76767	0.0004977600796416127
20202	0.0004977600796416127
35160	0.0004977600796416127
10473	0.0004977600796416127
21458	0.0004977600796416127
19757	0.0004977600796416127
92794	0.0004977600796416127
98212	0.0004977600796416127
55569	0.0004977600796416127
12241	0.0004977600796416127
85321	0.0004977600796416127
12192	0.0004977600796416127
80015	0.0004977600796416127
00324	0.0004977600796416127
15595	0.0004977600796416127
59587	0.0004977600796416127
51105	0.0004977600796416127
12008	0.0004977600796416127
92385	0.0004977600796416127
91328	0.0004977600796416127
22006	0.0004977600796416127
11680	0.0004977600796416127
14341	0.0004977600796416127
68868	0.0004977600796416127
31375	0.0004977600796416127
01148	0.0004977600796416127
02367	0.0004977600796416127
48515	0.0004977600796416127
13492	0.0004977600796416127
12355	0.0004977600796416127
62606	0.0004977600796416127
89830	0.0004977600796416127
12056	0.0004977600796416127
44874	0.0004977600796416127
16630	0.0004977600796416127
19771	0.0004977600796416127
13577	0.0004977600796416127
13095	0.0004977600796416127
55140	0.0004977600796416127
49080	0.0004977600796416127
41407	0.0004977600796416127
82605	0.0004977600796416127
90633	0.0004977600796416127
47315	0.0004977600796416127
07887	0.0004977600796416127
36839	0.0004977600796416127
12195	0.0004977600796416127
11203	0.0004977600796416127
35549	0.0004977600796416127
11563	0.0004977600796416127
26568	0.0004977600796416127
30747	0.0004977600796416127
67880	0.0004977600796416127
67253	0.0004977600796416127
31494	0.0004977600796416127
71185	0.0004977600796416127
90282	0.0004977600796416127
33149	0.0004977600796416127
10820	0.0004977600796416127
11221	0.0004977600796416127
15808	0.0004977600796416127
45403	0.0004977600796416127
31335	0.0004977600796416127
25918	0.0004977600796416127
92257	0.0004977600796416127
51106	0.0004977600796416127
41371	0.0004977600796416127
24399	0.0004977600796416127
82905	0.0004977600796416127
72692	0.0004977600796416127
33734	0.0004977600796416127
25824	0.0004977600796416127
11103	0.0004977600796416127
32896	0.0004977600796416127
20405	0.0004977600796416127
19193	0.0004977600796416127
81694	0.0004977600796416127
15987	0.0004977600796416127
21908	0.0004977600796416127
02733	0.0004977600796416127
23541	0.0004977600796416127
12906	0.0004977600796416127
10894	0.0004977600796416127
52105	0.0004977600796416127
06818	0.0004977600796416127
93646	0.0004977600796416127
52335	0.0004977600796416127
41294	0.0004977600796416127
32489	0.0004977600796416127
22396	0.0004977600796416127
12775	0.0004977600796416127
35899	0.0004977600796416127
01490	0.0004977600796416127
99930	0.0004977600796416127
20537	0.0004977600796416127
64123	0.0004977600796416127
22026	0.0004977600796416127
11292	0.0004977600796416127
20008	0.0004977600796416127
20011	0.0004977600796416127
41483	0.0004977600796416127
68996	0.0004977600796416127
75265	0.0004977600796416127
62375	0.0004977600796416127
37002	0.0004977600796416127
13512	0.0004977600796416127
79609	0.0004977600796416127
69421	0.0004977600796416127
20129	0.0004977600796416127
10720	0.0004977600796416127
12212	0.0004977600796416127
92501	0.0004977600796416127
12693	0.0004977600796416127
11603	0.0004977600796416127
29436	0.0004977600796416127
24887	0.0004977600796416127
13746	0.0004977600796416127
00063	0.0004977600796416127
01085	0.0004977600796416127
93068	0.0004977600796416127
27519	0.0004977600796416127
38988	0.0004977600796416127
37459	0.0004977600796416127
37421	0.0004977600796416127
88220	0.0004977600796416127
21623	0.0004977600796416127
52003	0.0004977600796416127
68510	0.0004977600796416127
12455	0.0004977600796416127
28136	0.0004977600796416127
60144	0.0004977600796416127
75189	0.0004977600796416127
38991	0.0004977600796416127
25332	0.0004977600796416127
05189	0.0004977600796416127
10996	0.0004977600796416127
33191	0.0004977600796416127
83193	0.0004977600796416127
11590	0.0004977600796416127
00570	0.0004977600796416127
48511	0.0004977600796416127
10659	0.0004977600796416127
12808	0.0004977600796416127
20243	0.0004977600796416127
24736	0.0004977600796416127
20509	0.0004977600796416127
05118	0.0004977600796416127
20002	0.0004977600796416127
42315	0.0004977600796416127
33168	0.0004977600796416127
34221	0.0004977600796416127
42186	0.0004977600796416127
80702	0.0004977600796416127
72204	0.0004977600796416127
20749	0.0004977600796416127
14577	0.0004977600796416127
98221	0.0004977600796416127
54842	0.0004977600796416127
11995	0.0004977600796416127
50861	0.0004977600796416127
25385	0.0004977600796416127
02466	0.0004977600796416127
33213	0.0004977600796416127
41894	0.0004977600796416127
44214	0.0004977600796416127
01666	0.0004977600796416127
03244	0.0004977600796416127
21959	0.0004977600796416127
52487	0.0004977600796416127
43749	0.0004977600796416127
10111	0.0004977600796416127
21985	0.0004977600796416127
25347	0.0004977600796416127
74123	0.0004977600796416127
22692	0.0004977600796416127
24714	0.0004977600796416127
19921	0.0004977600796416127
37645	0.0004977600796416127
23028	0.0004977600796416127
72890	0.0004977600796416127
14314	0.0004977600796416127
14954	0.0004977600796416127
18490	0.0004977600796416127
16605	0.0004977600796416127
75211	0.0004977600796416127
14221	0.0004977600796416127
98420	0.0004977600796416127
08129	0.0004977600796416127
51479	0.0004977600796416127
51686	0.0004977600796416127
47711	0.0004977600796416127
27725	0.0004977600796416127
52389	0.0004977600796416127
49566	0.0004977600796416127
31313	0.0004977600796416127
24863	0.0004977600796416127
96858	0.0004977600796416127
24501	0.0004977600796416127
06076	0.0004977600796416127
42448	0.0004977600796416127
00723	0.0004977600796416127
42802	0.0004977600796416127
97007	0.0004977600796416127
51959	0.0004977600796416127
03559	0.0004977600796416127
77062	0.0004977600796416127
60996	0.0004977600796416127
21495	0.0004977600796416127
91125	0.0004977600796416127
56629	0.0004977600796416127
31109	0.0004977600796416127
91089	0.0004977600796416127
61026	0.0004977600796416127
20590	0.0004977600796416127
79135	0.0004977600796416127
06740	0.0004977600796416127
62512	0.0004977600796416127
19587	0.0004977600796416127
31197	0.0004977600796416127
39407	0.0004977600796416127
12577	0.0004977600796416127
12210	0.0004977600796416127
55887	0.0004977600796416127
75609	0.0004977600796416127
40219	0.0004977600796416127
41398	0.0004977600796416127
09268	0.0004977600796416127
45086	0.0004977600796416127
12321	0.0004977600796416127
11758	0.0004977600796416127
15457	0.0004977600796416127
11287	0.0004977600796416127
21393	0.0004977600796416127
61884	0.0004977600796416127
16487	0.0004977600796416127
69530	0.0004977600796416127
16197	0.0004977600796416127
11901	0.0004977600796416127
32395	0.0004977600796416127
33092	0.0004977600796416127
78963	0.0004977600796416127
77942	0.0004977600796416127
13094	0.0004977600796416127
06085	0.0004977600796416127
64409	0.0004977600796416127
17320	0.0004977600796416127
08527	0.0004977600796416127
61988	0.0004977600796416127
61980	0.0004977600796416127
30010	0.0004977600796416127
70898	0.0004977600796416127
18988	0.0004977600796416127
62329	0.0004977600796416127
00069	0.0004977600796416127
12780	0.0004977600796416127
36359	0.0004977600796416127
15493	0.0004977600796416127
41808	0.0004977600796416127
37419	0.0004977600796416127
21995	0.0004977600796416127
11212	0.0004977600796416127
11387	0.0004977600796416127
36301	0.0004977600796416127
73212	0.0004977600796416127
42623	0.0004977600796416127
46395	0.0004977600796416127
14209	0.0004977600796416127
21113	0.0004977600796416127
18884	0.0004977600796416127
20010	0.0004977600796416127
90369	0.0004977600796416127
60133	0.0004977600796416127
19002	0.0004977600796416127
17917	0.0004977600796416127
75214	0.0004977600796416127
24543	0.0004977600796416127
51557	0.0004977600796416127
20624	0.0004977600796416127
83645	0.0004977600796416127
58899	0.0004977600796416127
51876	0.0004977600796416127
55155	0.0004977600796416127
41696	0.0004977600796416127
42069	0.0004977600796416127
33080	0.0004977600796416127
18183	0.0004977600796416127
76487	0.0004977600796416127
51406	0.0004977600796416127
17139	0.0004977600796416127
71584	0.0004977600796416127
10189	0.0004977600796416127
34711	0.0004977600796416127
34258	0.0004977600796416127
15729	0.0004977600796416127
62583	0.0004977600796416127
15925	0.0004977600796416127
94954	0.0004977600796416127
82000	0.0004977600796416127
24566	0.0004977600796416127
21099	0.0004977600796416127
87898	0.0004977600796416127
83597	0.0004977600796416127
10691	0.0004977600796416127
16799	0.0004977600796416127
56366	0.0004977600796416127
23990	0.0004977600796416127
82871	0.0004977600796416127
77666	0.0004977600796416127
78993	0.0004977600796416127
51515	0.0004977600796416127
11488	0.0004977600796416127
94283	0.0004977600796416127
30903	0.0004977600796416127
12305	0.0004977600796416127
52492	0.0004977600796416127
69098	0.0004977600796416127
42825	0.0004977600796416127
46902	0.0004977600796416127
20107	0.0004977600796416127
31777	0.0004977600796416127
98131	0.0004977600796416127
78501	0.0004977600796416127
55665	0.0004977600796416127
12062	0.0004977600796416127
41984	0.0004977600796416127
25777	0.0004977600796416127
31462	0.0004977600796416127
27058	0.0004977600796416127
44993	0.0004977600796416127
51238	0.0004977600796416127
29592	0.0004977600796416127
10579	0.0004977600796416127
51623	0.0004977600796416127
45359	0.0004977600796416127
19986	0.0004977600796416127
54254	0.0004977600796416127
36276	0.0004977600796416127
61832	0.0004977600796416127
13132	0.0004977600796416127
85613	0.0004977600796416127
77342	0.0004977600796416127
11990	0.0004977600796416127
61685	0.0004977600796416127
49487	0.0004977600796416127
12277	0.0004977600796416127
21122	0.0004977600796416127
97144	0.0004977600796416127
10509	0.0004977600796416127
61034	0.0004977600796416127
11069	0.0004977600796416127
13972	0.0004977600796416127
88080	0.0004977600796416127
94321	0.0004977600796416127
82127	0.0004977600796416127
68639	0.0004977600796416127
17390	0.0004977600796416127
55700	0.0004977600796416127
26695	0.0004977600796416127
02100	0.0004977600796416127
27886	0.0004977600796416127
12341	0.0004977600796416127
62326	0.0004977600796416127
92406	0.0004977600796416127
42109	0.0004977600796416127
40711	0.0004977600796416127
71169	0.0004977600796416127
42602	0.0004977600796416127
12688	0.0004977600796416127
10705	0.0004977600796416127
15951	0.0004977600796416127
45786	0.0004977600796416127
26169	0.0004977600796416127
41005	0.0004977600796416127
31130	0.0004977600796416127
14322	0.0004977600796416127
19547	0.0004977600796416127
15821	0.0004977600796416127
23661	0.0004977600796416127
72103	0.0004977600796416127
90509	0.0004977600796416127
84254	0.0004977600796416127
06692	0.0004977600796416127
33262	0.0004977600796416127
82006	0.0004977600796416127
53561	0.0004977600796416127
70592	0.0004977600796416127
82977	0.0004977600796416127
12594	0.0004977600796416127
10287	0.0004977600796416127
82303	0.0004977600796416127
11351	0.0004977600796416127
35666	0.0004977600796416127
19124	0.0004977600796416127
71390	0.0004977600796416127
04066	0.0004977600796416127
13342	0.0004977600796416127
01240	0.0004977600796416127
61606	0.0004977600796416127
07931	0.0004977600796416127
43207	0.0004977600796416127
31085	0.0004977600796416127
42283	0.0004977600796416127
66669	0.0004977600796416127
80379	0.0004977600796416127
62809	0.0004977600796416127
78593	0.0004977600796416127
55975	0.0004977600796416127
25010	0.0004977600796416127
07444	0.0004977600796416127
12002	0.0004977600796416127
01235	0.0004977600796416127
54700	0.0004977600796416127
19331	0.0004977600796416127
37815	0.0004977600796416127
14865	0.0004977600796416127
25518	0.0004977600796416127
16489	0.0004977600796416127
32938	0.0004977600796416127
14494	0.0004977600796416127
01959	0.0004977600796416127
83135	0.0004977600796416127
01150	0.0004977600796416127
13164	0.0004977600796416127
