123456789	0.013866231647634585
987654321	0.0012234910277324632
789456123	0.0008156606851549756
058805401	0.0004078303425774878
120547404	0.0004078303425774878
023929835	0.0004078303425774878
548652812	0.0004078303425774878
094020124	0.0004078303425774878
507619120	0.0004078303425774878
051401370	0.0004078303425774878
025333057	0.0004078303425774878
056560325	0.0004078303425774878
066282008	0.0004078303425774878
023202138	0.0004078303425774878
092346907	0.0004078303425774878
512100190	0.0004078303425774878
213856458	0.0004078303425774878
029873256	0.0004078303425774878
092621162	0.0004078303425774878
434147001	0.0004078303425774878
980959894	0.0004078303425774878
636050819	0.0004078303425774878
078790275	0.0004078303425774878
058914551	0.0004078303425774878
375737069	0.0004078303425774878
032425668	0.0004078303425774878
012855032	0.0004078303425774878
014267719	0.0004078303425774878
028137296	0.0004078303425774878
481553005	0.0004078303425774878
098838449	0.0004078303425774878
060035465	0.0004078303425774878
421433119	0.0004078303425774878
470450048	0.0004078303425774878
033530557	0.0004078303425774878
098646386	0.0004078303425774878
029120346	0.0004078303425774878
244473708	0.0004078303425774878
040144328	0.0004078303425774878
019813577	0.0004078303425774878
076753935	0.0004078303425774878
012087508	0.0004078303425774878
171691989	0.0004078303425774878
951549667	0.0004078303425774878
028975623	0.0004078303425774878
629941994	0.0004078303425774878
025223844	0.0004078303425774878
115390181	0.0004078303425774878
043234874	0.0004078303425774878
037516358	0.0004078303425774878
967028338	0.0004078303425774878
064041141	0.0004078303425774878
680229302	0.0004078303425774878
098276310	0.0004078303425774878
033922978	0.0004078303425774878
073437425	0.0004078303425774878
512101883	0.0004078303425774878
075624527	0.0004078303425774878
099304653	0.0004078303425774878
633402269	0.0004078303425774878
091242424	0.0004078303425774878
023227966	0.0004078303425774878
200310744	0.0004078303425774878
062816425	0.0004078303425774878
025384555	0.0004078303425774878
022870721	0.0004078303425774878
069180880	0.0004078303425774878
038324680	0.0004078303425774878
683002115	0.0004078303425774878
050165279	0.0004078303425774878
206310120	0.0004078303425774878
965484627	0.0004078303425774878
094472054	0.0004078303425774878
306004593	0.0004078303425774878
454327033	0.0004078303425774878
025816474	0.0004078303425774878
014465696	0.0004078303425774878
098069179	0.0004078303425774878
024389976	0.0004078303425774878
074385535	0.0004078303425774878
091152244	0.0004078303425774878
010568147	0.0004078303425774878
097191863	0.0004078303425774878
036549966	0.0004078303425774878
264554940	0.0004078303425774878
029540605	0.0004078303425774878
062872180	0.0004078303425774878
010902937	0.0004078303425774878
061874349	0.0004078303425774878
114610853	0.0004078303425774878
155015144	0.0004078303425774878
095105985	0.0004078303425774878
091741928	0.0004078303425774878
411741080	0.0004078303425774878
029400800	0.0004078303425774878
812182526	0.0004078303425774878
580048050	0.0004078303425774878
042064594	0.0004078303425774878
015951318	0.0004078303425774878
041147486	0.0004078303425774878
110300989	0.0004078303425774878
013747523	0.0004078303425774878
047087803	0.0004078303425774878
299058661	0.0004078303425774878
097363366	0.0004078303425774878
029281761	0.0004078303425774878
066800203	0.0004078303425774878
258654615	0.0004078303425774878
088187870	0.0004078303425774878
229577088	0.0004078303425774878
028681809	0.0004078303425774878
104076178	0.0004078303425774878
028773613	0.0004078303425774878
028837192	0.0004078303425774878
984289360	0.0004078303425774878
010919910	0.0004078303425774878
538376999	0.0004078303425774878
504088053	0.0004078303425774878
034622968	0.0004078303425774878
053807515	0.0004078303425774878
036310487	0.0004078303425774878
025106802	0.0004078303425774878
985959558	0.0004078303425774878
451463128	0.0004078303425774878
010201992	0.0004078303425774878
944306204	0.0004078303425774878
025523482	0.0004078303425774878
789452800	0.0004078303425774878
663682062	0.0004078303425774878
065276390	0.0004078303425774878
095046843	0.0004078303425774878
923704418	0.0004078303425774878
064141335	0.0004078303425774878
097176480	0.0004078303425774878
032314400	0.0004078303425774878
070589311	0.0004078303425774878
010550597	0.0004078303425774878
027423992	0.0004078303425774878
691875384	0.0004078303425774878
060890412	0.0004078303425774878
036330351	0.0004078303425774878
028859067	0.0004078303425774878
966164769	0.0004078303425774878
051362970	0.0004078303425774878
962642427	0.0004078303425774878
097119931	0.0004078303425774878
042791355	0.0004078303425774878
022768598	0.0004078303425774878
086993409	0.0004078303425774878
092730217	0.0004078303425774878
917936741	0.0004078303425774878
917309343	0.0004078303425774878
091082011	0.0004078303425774878
114190914	0.0004078303425774878
053277639	0.0004078303425774878
681452868	0.0004078303425774878
056657228	0.0004078303425774878
200113602	0.0004078303425774878
439618233	0.0004078303425774878
044284902	0.0004078303425774878
491010107	0.0004078303425774878
458233420	0.0004078303425774878
020035858	0.0004078303425774878
060240529	0.0004078303425774878
095578693	0.0004078303425774878
501270047	0.0004078303425774878
035559604	0.0004078303425774878
045315875	0.0004078303425774878
151501133	0.0004078303425774878
200001285	0.0004078303425774878
035153940	0.0004078303425774878
105012345	0.0004078303425774878
097692884	0.0004078303425774878
153357759	0.0004078303425774878
012102027	0.0004078303425774878
090226705	0.0004078303425774878
014428491	0.0004078303425774878
620088983	0.0004078303425774878
013734411	0.0004078303425774878
022527777	0.0004078303425774878
040122969	0.0004078303425774878
160100315	0.0004078303425774878
060767069	0.0004078303425774878
097362909	0.0004078303425774878
093522626	0.0004078303425774878
045242446	0.0004078303425774878
018294702	0.0004078303425774878
307046626	0.0004078303425774878
024441112	0.0004078303425774878
074613763	0.0004078303425774878
012842075	0.0004078303425774878
021513373	0.0004078303425774878
140222691	0.0004078303425774878
914986539	0.0004078303425774878
073271283	0.0004078303425774878
426739619	0.0004078303425774878
061133434	0.0004078303425774878
065605185	0.0004078303425774878
071128065	0.0004078303425774878
102329999	0.0004078303425774878
429638108	0.0004078303425774878
097098296	0.0004078303425774878
031851945	0.0004078303425774878
450500087	0.0004078303425774878
641248638	0.0004078303425774878
065681541	0.0004078303425774878
059469429	0.0004078303425774878
044658148	0.0004078303425774878
205221726	0.0004078303425774878
094309697	0.0004078303425774878
069419413	0.0004078303425774878
044220483	0.0004078303425774878
018462304	0.0004078303425774878
056286084	0.0004078303425774878
027312729	0.0004078303425774878
914533318	0.0004078303425774878
017927570	0.0004078303425774878
101807357	0.0004078303425774878
025397034	0.0004078303425774878
042555468	0.0004078303425774878
028120452	0.0004078303425774878
025392150	0.0004078303425774878
053815172	0.0004078303425774878
095511210	0.0004078303425774878
098407373	0.0004078303425774878
013459763	0.0004078303425774878
081370955	0.0004078303425774878
101210432	0.0004078303425774878
067328730	0.0004078303425774878
016433098	0.0004078303425774878
059884873	0.0004078303425774878
034813378	0.0004078303425774878
024312435	0.0004078303425774878
069721214	0.0004078303425774878
028096722	0.0004078303425774878
036535674	0.0004078303425774878
740834625	0.0004078303425774878
039328978	0.0004078303425774878
019727700	0.0004078303425774878
056245290	0.0004078303425774878
024443949	0.0004078303425774878
037116684	0.0004078303425774878
024412374	0.0004078303425774878
923544546	0.0004078303425774878
050113965	0.0004078303425774878
155740965	0.0004078303425774878
078758966	0.0004078303425774878
208784348	0.0004078303425774878
051265105	0.0004078303425774878
060380800	0.0004078303425774878
557926623	0.0004078303425774878
491106047	0.0004078303425774878
045200390	0.0004078303425774878
305259226	0.0004078303425774878
050194100	0.0004078303425774878
014884209	0.0004078303425774878
029827059	0.0004078303425774878
255933629	0.0004078303425774878
098766877	0.0004078303425774878
029468242	0.0004078303425774878
171793031	0.0004078303425774878
925818498	0.0004078303425774878
125990036	0.0004078303425774878
090916965	0.0004078303425774878
069240257	0.0004078303425774878
455455181	0.0004078303425774878
027493102	0.0004078303425774878
024664626	0.0004078303425774878
029527163	0.0004078303425774878
072336821	0.0004078303425774878
676108245	0.0004078303425774878
900759208	0.0004078303425774878
050490549	0.0004078303425774878
019552026	0.0004078303425774878
027516664	0.0004078303425774878
043812370	0.0004078303425774878
018190108	0.0004078303425774878
049402173	0.0004078303425774878
047416835	0.0004078303425774878
099572898	0.0004078303425774878
097598101	0.0004078303425774878
039822706	0.0004078303425774878
092977695	0.0004078303425774878
014735685	0.0004078303425774878
096914810	0.0004078303425774878
051746566	0.0004078303425774878
078686750	0.0004078303425774878
220619938	0.0004078303425774878
032499209	0.0004078303425774878
069835127	0.0004078303425774878
099696684	0.0004078303425774878
055799189	0.0004078303425774878
019700546	0.0004078303425774878
057296339	0.0004078303425774878
146879125	0.0004078303425774878
025179048	0.0004078303425774878
046981407	0.0004078303425774878
112211221	0.0004078303425774878
022042537	0.0004078303425774878
258311140	0.0004078303425774878
062956708	0.0004078303425774878
091831743	0.0004078303425774878
918162312	0.0004078303425774878
022115207	0.0004078303425774878
071579805	0.0004078303425774878
047062443	0.0004078303425774878
501071471	0.0004078303425774878
037302630	0.0004078303425774878
062099666	0.0004078303425774878
041318323	0.0004078303425774878
029860881	0.0004078303425774878
078683824	0.0004078303425774878
056307159	0.0004078303425774878
061329192	0.0004078303425774878
647811425	0.0004078303425774878
073331796	0.0004078303425774878
065767191	0.0004078303425774878
917561231	0.0004078303425774878
075329262	0.0004078303425774878
024183438	0.0004078303425774878
217526630	0.0004078303425774878
027558237	0.0004078303425774878
321683443	0.0004078303425774878
066771767	0.0004078303425774878
035210677	0.0004078303425774878
212211901	0.0004078303425774878
027034481	0.0004078303425774878
075911817	0.0004078303425774878
051025140	0.0004078303425774878
679411941	0.0004078303425774878
094395402	0.0004078303425774878
070353826	0.0004078303425774878
050442528	0.0004078303425774878
010795222	0.0004078303425774878
052315993	0.0004078303425774878
070523185	0.0004078303425774878
660022121	0.0004078303425774878
069286786	0.0004078303425774878
035166501	0.0004078303425774878
028968211	0.0004078303425774878
050573370	0.0004078303425774878
416250884	0.0004078303425774878
066582087	0.0004078303425774878
029897749	0.0004078303425774878
028166912	0.0004078303425774878
426034607	0.0004078303425774878
055693873	0.0004078303425774878
090728712	0.0004078303425774878
062036500	0.0004078303425774878
890304899	0.0004078303425774878
029527304	0.0004078303425774878
070002091	0.0004078303425774878
052620898	0.0004078303425774878
010592758	0.0004078303425774878
056695282	0.0004078303425774878
013986656	0.0004078303425774878
091829602	0.0004078303425774878
050225730	0.0004078303425774878
248659731	0.0004078303425774878
077812648	0.0004078303425774878
770597602	0.0004078303425774878
696211604	0.0004078303425774878
058501060	0.0004078303425774878
967412773	0.0004078303425774878
078703662	0.0004078303425774878
028696195	0.0004078303425774878
043951922	0.0004078303425774878
424110035	0.0004078303425774878
304331390	0.0004078303425774878
101488005	0.0004078303425774878
095844413	0.0004078303425774878
816816816	0.0004078303425774878
013696432	0.0004078303425774878
070989525	0.0004078303425774878
054524395	0.0004078303425774878
027582386	0.0004078303425774878
200011727	0.0004078303425774878
075851983	0.0004078303425774878
556227111	0.0004078303425774878
092479565	0.0004078303425774878
066001501	0.0004078303425774878
072535210	0.0004078303425774878
123012340	0.0004078303425774878
050365285	0.0004078303425774878
024162592	0.0004078303425774878
001127412	0.0004078303425774878
632188880	0.0004078303425774878
092626768	0.0004078303425774878
046795985	0.0004078303425774878
241162123	0.0004078303425774878
329143692	0.0004078303425774878
616186652	0.0004078303425774878
092235396	0.0004078303425774878
094130497	0.0004078303425774878
022413128	0.0004078303425774878
381597264	0.0004078303425774878
027455214	0.0004078303425774878
091729915	0.0004078303425774878
098490701	0.0004078303425774878
023774213	0.0004078303425774878
014746352	0.0004078303425774878
065776869	0.0004078303425774878
018881735	0.0004078303425774878
071881851	0.0004078303425774878
040251920	0.0004078303425774878
291192291	0.0004078303425774878
010060400	0.0004078303425774878
097250667	0.0004078303425774878
053776105	0.0004078303425774878
094701404	0.0004078303425774878
015726488	0.0004078303425774878
029453629	0.0004078303425774878
095459916	0.0004078303425774878
026434093	0.0004078303425774878
928387909	0.0004078303425774878
011723706	0.0004078303425774878
091321708	0.0004078303425774878
919852221	0.0004078303425774878
044828334	0.0004078303425774878
460345031	0.0004078303425774878
122261231	0.0004078303425774878
095250584	0.0004078303425774878
060465049	0.0004078303425774878
024921762	0.0004078303425774878
029646517	0.0004078303425774878
164629633	0.0004078303425774878
061330034	0.0004078303425774878
830132298	0.0004078303425774878
484601204	0.0004078303425774878
090740149	0.0004078303425774878
052719382	0.0004078303425774878
938458815	0.0004078303425774878
080080060	0.0004078303425774878
482430138	0.0004078303425774878
079141488	0.0004078303425774878
091915650	0.0004078303425774878
074643311	0.0004078303425774878
041790612	0.0004078303425774878
074312048	0.0004078303425774878
913674694	0.0004078303425774878
048081361	0.0004078303425774878
023796588	0.0004078303425774878
562032788	0.0004078303425774878
070951299	0.0004078303425774878
021250102	0.0004078303425774878
016994491	0.0004078303425774878
445486562	0.0004078303425774878
945798679	0.0004078303425774878
032345967	0.0004078303425774878
080843164	0.0004078303425774878
034287722	0.0004078303425774878
605382043	0.0004078303425774878
051165132	0.0004078303425774878
599402156	0.0004078303425774878
996483524	0.0004078303425774878
012079935	0.0004078303425774878
096340804	0.0004078303425774878
072436344	0.0004078303425774878
006855041	0.0004078303425774878
019606220	0.0004078303425774878
287908362	0.0004078303425774878
065127410	0.0004078303425774878
099484398	0.0004078303425774878
099907278	0.0004078303425774878
142857963	0.0004078303425774878
017453930	0.0004078303425774878
010123607	0.0004078303425774878
048798706	0.0004078303425774878
455772490	0.0004078303425774878
052508593	0.0004078303425774878
964606932	0.0004078303425774878
633849476	0.0004078303425774878
817235271	0.0004078303425774878
040459536	0.0004078303425774878
095408793	0.0004078303425774878
992745453	0.0004078303425774878
985667198	0.0004078303425774878
095120210	0.0004078303425774878
023891359	0.0004078303425774878
060203835	0.0004078303425774878
499986553	0.0004078303425774878
428511029	0.0004078303425774878
066182078	0.0004078303425774878
245700430	0.0004078303425774878
653265020	0.0004078303425774878
330892007	0.0004078303425774878
481587030	0.0004078303425774878
057010270	0.0004078303425774878
061739821	0.0004078303425774878
091126880	0.0004078303425774878
200111067	0.0004078303425774878
069040448	0.0004078303425774878
028874847	0.0004078303425774878
104329075	0.0004078303425774878
002003188	0.0004078303425774878
096785714	0.0004078303425774878
048037894	0.0004078303425774878
094276380	0.0004078303425774878
040304983	0.0004078303425774878
351701448	0.0004078303425774878
556612389	0.0004078303425774878
035070599	0.0004078303425774878
078484922	0.0004078303425774878
027392776	0.0004078303425774878
588745656	0.0004078303425774878
131317178	0.0004078303425774878
362951847	0.0004078303425774878
421398418	0.0004078303425774878
159132458	0.0004078303425774878
608016181	0.0004078303425774878
034009612	0.0004078303425774878
601765108	0.0004078303425774878
096817263	0.0004078303425774878
060663215	0.0004078303425774878
208198720	0.0004078303425774878
317993035	0.0004078303425774878
304182642	0.0004078303425774878
190603574	0.0004078303425774878
063594317	0.0004078303425774878
040517393	0.0004078303425774878
011909412	0.0004078303425774878
041480212	0.0004078303425774878
202415194	0.0004078303425774878
247757801	0.0004078303425774878
097969782	0.0004078303425774878
070517494	0.0004078303425774878
600528553	0.0004078303425774878
055516390	0.0004078303425774878
067171901	0.0004078303425774878
313122312	0.0004078303425774878
096413878	0.0004078303425774878
044293547	0.0004078303425774878
013661298	0.0004078303425774878
055212826	0.0004078303425774878
223758642	0.0004078303425774878
199395200	0.0004078303425774878
041754756	0.0004078303425774878
222460480	0.0004078303425774878
789632147	0.0004078303425774878
066908549	0.0004078303425774878
075860373	0.0004078303425774878
137533198	0.0004078303425774878
113663872	0.0004078303425774878
091580462	0.0004078303425774878
040055323	0.0004078303425774878
092263758	0.0004078303425774878
028681944	0.0004078303425774878
023793967	0.0004078303425774878
055611873	0.0004078303425774878
011717174	0.0004078303425774878
259523424	0.0004078303425774878
256928249	0.0004078303425774878
019949232	0.0004078303425774878
783645571	0.0004078303425774878
017625442	0.0004078303425774878
066513940	0.0004078303425774878
919542368	0.0004078303425774878
018256607	0.0004078303425774878
027476196	0.0004078303425774878
024287088	0.0004078303425774878
901749897	0.0004078303425774878
968995462	0.0004078303425774878
424190845	0.0004078303425774878
511011345	0.0004078303425774878
027080660	0.0004078303425774878
067724602	0.0004078303425774878
261114128	0.0004078303425774878
404969865	0.0004078303425774878
440430272	0.0004078303425774878
069133897	0.0004078303425774878
307287784	0.0004078303425774878
016931932	0.0004078303425774878
062006198	0.0004078303425774878
031830223	0.0004078303425774878
096040567	0.0004078303425774878
413120121	0.0004078303425774878
091353700	0.0004078303425774878
963751276	0.0004078303425774878
016760468	0.0004078303425774878
013010030	0.0004078303425774878
029396524	0.0004078303425774878
024111510	0.0004078303425774878
869266274	0.0004078303425774878
063636165	0.0004078303425774878
050400804	0.0004078303425774878
924315996	0.0004078303425774878
505706123	0.0004078303425774878
252553711	0.0004078303425774878
066408500	0.0004078303425774878
055714917	0.0004078303425774878
090497971	0.0004078303425774878
022862013	0.0004078303425774878
920112007	0.0004078303425774878
063121449	0.0004078303425774878
025406984	0.0004078303425774878
012894969	0.0004078303425774878
011235813	0.0004078303425774878
864345232	0.0004078303425774878
069154163	0.0004078303425774878
699977482	0.0004078303425774878
071196535	0.0004078303425774878
789987123	0.0004078303425774878
042814849	0.0004078303425774878
671000985	0.0004078303425774878
053504760	0.0004078303425774878
501077182	0.0004078303425774878
599142150	0.0004078303425774878
024130492	0.0004078303425774878
092856897	0.0004078303425774878
014787410	0.0004078303425774878
053106871	0.0004078303425774878
793545582	0.0004078303425774878
932451589	0.0004078303425774878
547896321	0.0004078303425774878
123321123	0.0004078303425774878
028095578	0.0004078303425774878
598247411	0.0004078303425774878
162247468	0.0004078303425774878
065877589	0.0004078303425774878
912878473	0.0004078303425774878
016596658	0.0004078303425774878
140216139	0.0004078303425774878
032055207	0.0004078303425774878
115010760	0.0004078303425774878
092233505	0.0004078303425774878
046001715	0.0004078303425774878
013624461	0.0004078303425774878
076078076	0.0004078303425774878
099754810	0.0004078303425774878
491520136	0.0004078303425774878
309974395	0.0004078303425774878
017599459	0.0004078303425774878
030452308	0.0004078303425774878
468202296	0.0004078303425774878
029546608	0.0004078303425774878
202003041	0.0004078303425774878
025268339	0.0004078303425774878
251378543	0.0004078303425774878
072072482	0.0004078303425774878
053840745	0.0004078303425774878
515160123	0.0004078303425774878
090137836	0.0004078303425774878
343936976	0.0004078303425774878
351192740	0.0004078303425774878
616257338	0.0004078303425774878
506173661	0.0004078303425774878
022112163	0.0004078303425774878
086928602	0.0004078303425774878
046824435	0.0004078303425774878
306309874	0.0004078303425774878
031509803	0.0004078303425774878
491772138	0.0004078303425774878
964318646	0.0004078303425774878
996631230	0.0004078303425774878
028156242	0.0004078303425774878
123409661	0.0004078303425774878
090481088	0.0004078303425774878
154212541	0.0004078303425774878
066725425	0.0004078303425774878
953227824	0.0004078303425774878
812738609	0.0004078303425774878
105192119	0.0004078303425774878
014534433	0.0004078303425774878
200136224	0.0004078303425774878
034713889	0.0004078303425774878
025712586	0.0004078303425774878
934173804	0.0004078303425774878
112511250	0.0004078303425774878
999999998	0.0004078303425774878
835345519	0.0004078303425774878
003330056	0.0004078303425774878
062544846	0.0004078303425774878
055632020	0.0004078303425774878
092739573	0.0004078303425774878
013124433	0.0004078303425774878
073311747	0.0004078303425774878
040179195	0.0004078303425774878
999359488	0.0004078303425774878
058457518	0.0004078303425774878
934553936	0.0004078303425774878
018660676	0.0004078303425774878
259748720	0.0004078303425774878
098685345	0.0004078303425774878
407060338	0.0004078303425774878
013340872	0.0004078303425774878
699096653	0.0004078303425774878
015322956	0.0004078303425774878
511797106	0.0004078303425774878
933288624	0.0004078303425774878
093689357	0.0004078303425774878
054645486	0.0004078303425774878
098585010	0.0004078303425774878
051160511	0.0004078303425774878
043262922	0.0004078303425774878
013403666	0.0004078303425774878
307982811	0.0004078303425774878
030462414	0.0004078303425774878
627796823	0.0004078303425774878
317112495	0.0004078303425774878
925031146	0.0004078303425774878
022356842	0.0004078303425774878
460400037	0.0004078303425774878
049083072	0.0004078303425774878
025521098	0.0004078303425774878
012981922	0.0004078303425774878
065584879	0.0004078303425774878
026883687	0.0004078303425774878
059431712	0.0004078303425774878
080810416	0.0004078303425774878
091067288	0.0004078303425774878
054200427	0.0004078303425774878
500810035	0.0004078303425774878
066399082	0.0004078303425774878
048481567	0.0004078303425774878
042241274	0.0004078303425774878
966290641	0.0004078303425774878
066150428	0.0004078303425774878
187602626	0.0004078303425774878
092160235	0.0004078303425774878
203076070	0.0004078303425774878
998922363	0.0004078303425774878
024772524	0.0004078303425774878
900107454	0.0004078303425774878
157891515	0.0004078303425774878
050463523	0.0004078303425774878
321654987	0.0004078303425774878
029030664	0.0004078303425774878
150219994	0.0004078303425774878
029316824	0.0004078303425774878
967578664	0.0004078303425774878
032311050	0.0004078303425774878
096020160	0.0004078303425774878
200530840	0.0004078303425774878
047068669	0.0004078303425774878
626618725	0.0004078303425774878
054457198	0.0004078303425774878
026529337	0.0004078303425774878
032026087	0.0004078303425774878
091181910	0.0004078303425774878
152422733	0.0004078303425774878
060419132	0.0004078303425774878
040535012	0.0004078303425774878
074304251	0.0004078303425774878
647580123	0.0004078303425774878
056261343	0.0004078303425774878
205946800	0.0004078303425774878
018663515	0.0004078303425774878
066941039	0.0004078303425774878
826825569	0.0004078303425774878
051490726	0.0004078303425774878
023954225	0.0004078303425774878
079207218	0.0004078303425774878
096376237	0.0004078303425774878
033887347	0.0004078303425774878
050445954	0.0004078303425774878
091762103	0.0004078303425774878
028154610	0.0004078303425774878
017402396	0.0004078303425774878
919700831	0.0004078303425774878
041218645	0.0004078303425774878
015347062	0.0004078303425774878
151758819	0.0004078303425774878
019163934	0.0004078303425774878
013683865	0.0004078303425774878
876543246	0.0004078303425774878
016360400	0.0004078303425774878
027013886	0.0004078303425774878
090026673	0.0004078303425774878
096928871	0.0004078303425774878
040455470	0.0004078303425774878
210519630	0.0004078303425774878
415714461	0.0004078303425774878
050612624	0.0004078303425774878
027052469	0.0004078303425774878
069697343	0.0004078303425774878
036168144	0.0004078303425774878
069996404	0.0004078303425774878
023315256	0.0004078303425774878
554555200	0.0004078303425774878
015419071	0.0004078303425774878
060468450	0.0004078303425774878
132300283	0.0004078303425774878
075310633	0.0004078303425774878
068581651	0.0004078303425774878
042743995	0.0004078303425774878
042522251	0.0004078303425774878
529670872	0.0004078303425774878
966442079	0.0004078303425774878
092050200	0.0004078303425774878
966111961	0.0004078303425774878
068723477	0.0004078303425774878
963369258	0.0004078303425774878
049194492	0.0004078303425774878
032415021	0.0004078303425774878
068218382	0.0004078303425774878
062810715	0.0004078303425774878
060585906	0.0004078303425774878
968105955	0.0004078303425774878
067898260	0.0004078303425774878
023987120	0.0004078303425774878
023268080	0.0004078303425774878
029457162	0.0004078303425774878
016066768	0.0004078303425774878
360180666	0.0004078303425774878
046259834	0.0004078303425774878
501660126	0.0004078303425774878
634414910	0.0004078303425774878
645226692	0.0004078303425774878
918594923	0.0004078303425774878
010599129	0.0004078303425774878
630106850	0.0004078303425774878
065036416	0.0004078303425774878
522418177	0.0004078303425774878
050312826	0.0004078303425774878
636220574	0.0004078303425774878
070414446	0.0004078303425774878
051848972	0.0004078303425774878
053279977	0.0004078303425774878
028696248	0.0004078303425774878
070538302	0.0004078303425774878
518948151	0.0004078303425774878
050206382	0.0004078303425774878
016206680	0.0004078303425774878
058550962	0.0004078303425774878
026822504	0.0004078303425774878
071732671	0.0004078303425774878
023198992	0.0004078303425774878
643011918	0.0004078303425774878
028657874	0.0004078303425774878
088943675	0.0004078303425774878
612003019	0.0004078303425774878
010332688	0.0004078303425774878
044540013	0.0004078303425774878
035335132	0.0004078303425774878
636787706	0.0004078303425774878
099578052	0.0004078303425774878
057604748	0.0004078303425774878
024723150	0.0004078303425774878
031861058	0.0004078303425774878
074438302	0.0004078303425774878
266901593	0.0004078303425774878
024122450	0.0004078303425774878
032602995	0.0004078303425774878
251636288	0.0004078303425774878
027333507	0.0004078303425774878
195551916	0.0004078303425774878
018452082	0.0004078303425774878
027318894	0.0004078303425774878
065294388	0.0004078303425774878
193568427	0.0004078303425774878
021004776	0.0004078303425774878
096087740	0.0004078303425774878
447984713	0.0004078303425774878
057871303	0.0004078303425774878
059646409	0.0004078303425774878
200402238	0.0004078303425774878
281861328	0.0004078303425774878
099711604	0.0004078303425774878
094068343	0.0004078303425774878
048032203	0.0004078303425774878
123698745	0.0004078303425774878
019750072	0.0004078303425774878
302317187	0.0004078303425774878
053404089	0.0004078303425774878
404807024	0.0004078303425774878
745853012	0.0004078303425774878
054212480	0.0004078303425774878
091210042	0.0004078303425774878
084525767	0.0004078303425774878
113749812	0.0004078303425774878
606826542	0.0004078303425774878
099044897	0.0004078303425774878
092233290	0.0004078303425774878
181111026	0.0004078303425774878
058671023	0.0004078303425774878
484378005	0.0004078303425774878
054705121	0.0004078303425774878
523634745	0.0004078303425774878
153624789	0.0004078303425774878
019962772	0.0004078303425774878
715198222	0.0004078303425774878
054482542	0.0004078303425774878
115251300	0.0004078303425774878
612307053	0.0004078303425774878
054623001	0.0004078303425774878
199791980	0.0004078303425774878
141884217	0.0004078303425774878
549371522	0.0004078303425774878
111560627	0.0004078303425774878
915592677	0.0004078303425774878
095114415	0.0004078303425774878
061838055	0.0004078303425774878
028196771	0.0004078303425774878
024127599	0.0004078303425774878
042197955	0.0004078303425774878
995305984	0.0004078303425774878
205530055	0.0004078303425774878
014776867	0.0004078303425774878
016912235	0.0004078303425774878
934723765	0.0004078303425774878
057713134	0.0004078303425774878
069197732	0.0004078303425774878
491370532	0.0004078303425774878
240191823	0.0004078303425774878
802245375	0.0004078303425774878
042892019	0.0004078303425774878
643102228	0.0004078303425774878
059990279	0.0004078303425774878
028185112	0.0004078303425774878
029634060	0.0004078303425774878
067485169	0.0004078303425774878
212155927	0.0004078303425774878
018433757	0.0004078303425774878
027470417	0.0004078303425774878
098171946	0.0004078303425774878
372819465	0.0004078303425774878
035381254	0.0004078303425774878
019064655	0.0004078303425774878
075271936	0.0004078303425774878
096746813	0.0004078303425774878
034517228	0.0004078303425774878
043774283	0.0004078303425774878
501081010	0.0004078303425774878
379985026	0.0004078303425774878
652467952	0.0004078303425774878
052940335	0.0004078303425774878
413915716	0.0004078303425774878
074311229	0.0004078303425774878
605459287	0.0004078303425774878
256086893	0.0004078303425774878
044538932	0.0004078303425774878
075381089	0.0004078303425774878
481255370	0.0004078303425774878
041174754	0.0004078303425774878
034843123	0.0004078303425774878
078019065	0.0004078303425774878
914332000	0.0004078303425774878
091050300	0.0004078303425774878
045311941	0.0004078303425774878
071755940	0.0004078303425774878
099096364	0.0004078303425774878
056312479	0.0004078303425774878
919263158	0.0004078303425774878
088518374	0.0004078303425774878
029742069	0.0004078303425774878
040805267	0.0004078303425774878
078976350	0.0004078303425774878
029035493	0.0004078303425774878
200630118	0.0004078303425774878
014816720	0.0004078303425774878
078623788	0.0004078303425774878
054649532	0.0004078303425774878
465986237	0.0004078303425774878
200211037	0.0004078303425774878
057439577	0.0004078303425774878
677186579	0.0004078303425774878
589201768	0.0004078303425774878
068107111	0.0004078303425774878
041584334	0.0004078303425774878
027564770	0.0004078303425774878
007783333	0.0004078303425774878
200000001	0.0004078303425774878
000262658	0.0004078303425774878
051883832	0.0004078303425774878
597012826	0.0004078303425774878
024286701	0.0004078303425774878
741258963	0.0004078303425774878
079126894	0.0004078303425774878
065046642	0.0004078303425774878
046420022	0.0004078303425774878
077361378	0.0004078303425774878
053867408	0.0004078303425774878
309159506	0.0004078303425774878
068833825	0.0004078303425774878
034642144	0.0004078303425774878
063742001	0.0004078303425774878
040897346	0.0004078303425774878
022822022	0.0004078303425774878
198165809	0.0004078303425774878
040462123	0.0004078303425774878
557855237	0.0004078303425774878
023801378	0.0004078303425774878
017724509	0.0004078303425774878
071017098	0.0004078303425774878
024100367	0.0004078303425774878
028956609	0.0004078303425774878
016005698	0.0004078303425774878
553874726	0.0004078303425774878
034256336	0.0004078303425774878
963502223	0.0004078303425774878
691340453	0.0004078303425774878
037213568	0.0004078303425774878
053236699	0.0004078303425774878
680399004	0.0004078303425774878
353700092	0.0004078303425774878
041746249	0.0004078303425774878
958426823	0.0004078303425774878
066322083	0.0004078303425774878
040238123	0.0004078303425774878
054293254	0.0004078303425774878
010828098	0.0004078303425774878
097288302	0.0004078303425774878
050301605	0.0004078303425774878
050232902	0.0004078303425774878
074823510	0.0004078303425774878
432518621	0.0004078303425774878
060173461	0.0004078303425774878
065434576	0.0004078303425774878
192238026	0.0004078303425774878
017739563	0.0004078303425774878
025752441	0.0004078303425774878
053899255	0.0004078303425774878
063706379	0.0004078303425774878
308271610	0.0004078303425774878
055318677	0.0004078303425774878
963484520	0.0004078303425774878
069191538	0.0004078303425774878
099154836	0.0004078303425774878
252512812	0.0004078303425774878
065367918	0.0004078303425774878
029433032	0.0004078303425774878
000043920	0.0004078303425774878
051435936	0.0004078303425774878
036542306	0.0004078303425774878
061926772	0.0004078303425774878
050340918	0.0004078303425774878
095748381	0.0004078303425774878
050145311	0.0004078303425774878
029522045	0.0004078303425774878
075631486	0.0004078303425774878
017252074	0.0004078303425774878
627166616	0.0004078303425774878
132546789	0.0004078303425774878
029748602	0.0004078303425774878
498862344	0.0004078303425774878
025337428	0.0004078303425774878
046987270	0.0004078303425774878
040898231	0.0004078303425774878
070055008	0.0004078303425774878
050010562	0.0004078303425774878
918639541	0.0004078303425774878
065110710	0.0004078303425774878
200180665	0.0004078303425774878
023762603	0.0004078303425774878
013835081	0.0004078303425774878
038573393	0.0004078303425774878
028052536	0.0004078303425774878
023321676	0.0004078303425774878
534410611	0.0004078303425774878
066533036	0.0004078303425774878
093682518	0.0004078303425774878
810565477	0.0004078303425774878
024767650	0.0004078303425774878
025899269	0.0004078303425774878
504556204	0.0004078303425774878
011966093	0.0004078303425774878
094214547	0.0004078303425774878
589304435	0.0004078303425774878
066184338	0.0004078303425774878
097266999	0.0004078303425774878
301007111	0.0004078303425774878
071667300	0.0004078303425774878
057226359	0.0004078303425774878
095581172	0.0004078303425774878
486225100	0.0004078303425774878
062171229	0.0004078303425774878
058525979	0.0004078303425774878
053500772	0.0004078303425774878
042599024	0.0004078303425774878
415450813	0.0004078303425774878
010120410	0.0004078303425774878
458839863	0.0004078303425774878
062713336	0.0004078303425774878
054643261	0.0004078303425774878
098820943	0.0004078303425774878
065908577	0.0004078303425774878
079608577	0.0004078303425774878
001358145	0.0004078303425774878
029042852	0.0004078303425774878
042835372	0.0004078303425774878
028837083	0.0004078303425774878
039355045	0.0004078303425774878
065362606	0.0004078303425774878
644295895	0.0004078303425774878
069374130	0.0004078303425774878
074426311	0.0004078303425774878
091339410	0.0004078303425774878
078301541	0.0004078303425774878
931501810	0.0004078303425774878
245802110	0.0004078303425774878
019757312	0.0004078303425774878
004100893	0.0004078303425774878
044835490	0.0004078303425774878
065396859	0.0004078303425774878
024355222	0.0004078303425774878
426739621	0.0004078303425774878
044512491	0.0004078303425774878
098934891	0.0004078303425774878
065537588	0.0004078303425774878
095890978	0.0004078303425774878
040094256	0.0004078303425774878
012575859	0.0004078303425774878
095633596	0.0004078303425774878
023982488	0.0004078303425774878
070509679	0.0004078303425774878
724865297	0.0004078303425774878
250657493	0.0004078303425774878
492010062	0.0004078303425774878
031022355	0.0004078303425774878
016875533	0.0004078303425774878
029682356	0.0004078303425774878
098794988	0.0004078303425774878
914338462	0.0004078303425774878
115780335	0.0004078303425774878
774451362	0.0004078303425774878
092779266	0.0004078303425774878
614126187	0.0004078303425774878
235346161	0.0004078303425774878
262356230	0.0004078303425774878
058651547	0.0004078303425774878
497708267	0.0004078303425774878
052717291	0.0004078303425774878
330088308	0.0004078303425774878
200510113	0.0004078303425774878
048403899	0.0004078303425774878
011242797	0.0004078303425774878
029728405	0.0004078303425774878
963309152	0.0004078303425774878
058706865	0.0004078303425774878
018973862	0.0004078303425774878
070677063	0.0004078303425774878
015862341	0.0004078303425774878
426732613	0.0004078303425774878
063641597	0.0004078303425774878
051504578	0.0004078303425774878
258211123	0.0004078303425774878
200500457	0.0004078303425774878
529856094	0.0004078303425774878
605428692	0.0004078303425774878
071986550	0.0004078303425774878
024352121	0.0004078303425774878
029200686	0.0004078303425774878
484310030	0.0004078303425774878
067671367	0.0004078303425774878
053372851	0.0004078303425774878
047710061	0.0004078303425774878
018106886	0.0004078303425774878
200510014	0.0004078303425774878
402213875	0.0004078303425774878
170719888	0.0004078303425774878
049498232	0.0004078303425774878
024221126	0.0004078303425774878
037158104	0.0004078303425774878
949927827	0.0004078303425774878
029944911	0.0004078303425774878
090788235	0.0004078303425774878
061835168	0.0004078303425774878
066948758	0.0004078303425774878
062612725	0.0004078303425774878
223366951	0.0004078303425774878
095000938	0.0004078303425774878
236352942	0.0004078303425774878
463869218	0.0004078303425774878
085254947	0.0004078303425774878
415279116	0.0004078303425774878
053675543	0.0004078303425774878
093870563	0.0004078303425774878
095533347	0.0004078303425774878
121233112	0.0004078303425774878
063715934	0.0004078303425774878
069488582	0.0004078303425774878
043382812	0.0004078303425774878
200001294	0.0004078303425774878
041373027	0.0004078303425774878
219811766	0.0004078303425774878
094274521	0.0004078303425774878
050172528	0.0004078303425774878
028152285	0.0004078303425774878
189275314	0.0004078303425774878
501794094	0.0004078303425774878
214884814	0.0004078303425774878
023831895	0.0004078303425774878
258159357	0.0004078303425774878
045451230	0.0004078303425774878
079141545	0.0004078303425774878
041717007	0.0004078303425774878
089919968	0.0004078303425774878
048087829	0.0004078303425774878
096208848	0.0004078303425774878
043402369	0.0004078303425774878
533987435	0.0004078303425774878
992205499	0.0004078303425774878
960453607	0.0004078303425774878
025367054	0.0004078303425774878
287754771	0.0004078303425774878
022154239	0.0004078303425774878
092330772	0.0004078303425774878
051329342	0.0004078303425774878
038515460	0.0004078303425774878
059735141	0.0004078303425774878
605177870	0.0004078303425774878
841289734	0.0004078303425774878
016592226	0.0004078303425774878
095738203	0.0004078303425774878
161701504	0.0004078303425774878
096828819	0.0004078303425774878
076263682	0.0004078303425774878
029697290	0.0004078303425774878
027054334	0.0004078303425774878
223392835	0.0004078303425774878
132512851	0.0004078303425774878
032030377	0.0004078303425774878
045442259	0.0004078303425774878
056331418	0.0004078303425774878
652033692	0.0004078303425774878
065104024	0.0004078303425774878
018588924	0.0004078303425774878
019306481	0.0004078303425774878
631343984	0.0004078303425774878
580722418	0.0004078303425774878
041054176	0.0004078303425774878
599329096	0.0004078303425774878
027034252	0.0004078303425774878
968793226	0.0004078303425774878
067095197	0.0004078303425774878
075226271	0.0004078303425774878
029669057	0.0004078303425774878
916339029	0.0004078303425774878
026154394	0.0004078303425774878
025511292	0.0004078303425774878
025773959	0.0004078303425774878
074114159	0.0004078303425774878
050249343	0.0004078303425774878
051551557	0.0004078303425774878
014040344	0.0004078303425774878
040662538	0.0004078303425774878
056531389	0.0004078303425774878
014804620	0.0004078303425774878
051463786	0.0004078303425774878
741963852	0.0004078303425774878
078218097	0.0004078303425774878
630011616	0.0004078303425774878
543967079	0.0004078303425774878
481479217	0.0004078303425774878
403258866	0.0004078303425774878
031657850	0.0004078303425774878
914884881	0.0004078303425774878
253325631	0.0004078303425774878
010288530	0.0004078303425774878
048474828	0.0004078303425774878
969692963	0.0004078303425774878
107100261	0.0004078303425774878
016058540	0.0004078303425774878
016256385	0.0004078303425774878
091992510	0.0004078303425774878
032322430	0.0004078303425774878
491061083	0.0004078303425774878
226142083	0.0004078303425774878
095326608	0.0004078303425774878
062209278	0.0004078303425774878
569591000	0.0004078303425774878
067890889	0.0004078303425774878
402476587	0.0004078303425774878
055567027	0.0004078303425774878
963196351	0.0004078303425774878
347762283	0.0004078303425774878
012053222	0.0004078303425774878
969680211	0.0004078303425774878
057048319	0.0004078303425774878
010469149	0.0004078303425774878
258553597	0.0004078303425774878
097052556	0.0004078303425774878
072942199	0.0004078303425774878
025804974	0.0004078303425774878
014081063	0.0004078303425774878
069136069	0.0004078303425774878
218153110	0.0004078303425774878
128710411	0.0004078303425774878
081729859	0.0004078303425774878
024641108	0.0004078303425774878
969379734	0.0004078303425774878
166722539	0.0004078303425774878
669109135	0.0004078303425774878
012726117	0.0004078303425774878
934886361	0.0004078303425774878
057252759	0.0004078303425774878
437656895	0.0004078303425774878
885116666	0.0004078303425774878
024241483	0.0004078303425774878
010430802	0.0004078303425774878
051496054	0.0004078303425774878
059341617	0.0004078303425774878
018855319	0.0004078303425774878
404707077	0.0004078303425774878
561518309	0.0004078303425774878
041491431	0.0004078303425774878
957692333	0.0004078303425774878
013435523	0.0004078303425774878
294033177	0.0004078303425774878
034385736	0.0004078303425774878
050049527	0.0004078303425774878
631184670	0.0004078303425774878
420427247	0.0004078303425774878
099636321	0.0004078303425774878
044421213	0.0004078303425774878
060038799	0.0004078303425774878
678627685	0.0004078303425774878
020927641	0.0004078303425774878
433320087	0.0004078303425774878
091048874	0.0004078303425774878
068553734	0.0004078303425774878
046682346	0.0004078303425774878
023933766	0.0004078303425774878
122248472	0.0004078303425774878
092640342	0.0004078303425774878
041488503	0.0004078303425774878
017970918	0.0004078303425774878
074217105	0.0004078303425774878
296683147	0.0004078303425774878
054799682	0.0004078303425774878
054799603	0.0004078303425774878
299848720	0.0004078303425774878
058810101	0.0004078303425774878
661108110	0.0004078303425774878
048592653	0.0004078303425774878
023946656	0.0004078303425774878
200319895	0.0004078303425774878
147682008	0.0004078303425774878
028895401	0.0004078303425774878
454794347	0.0004078303425774878
032426768	0.0004078303425774878
239598197	0.0004078303425774878
027038310	0.0004078303425774878
054458664	0.0004078303425774878
205827603	0.0004078303425774878
026217560	0.0004078303425774878
526219192	0.0004078303425774878
289868492	0.0004078303425774878
125604665	0.0004078303425774878
091037331	0.0004078303425774878
013836063	0.0004078303425774878
462820129	0.0004078303425774878
016445961	0.0004078303425774878
343478777	0.0004078303425774878
058628898	0.0004078303425774878
067098112	0.0004078303425774878
092143170	0.0004078303425774878
331763420	0.0004078303425774878
092265827	0.0004078303425774878
036329720	0.0004078303425774878
052916678	0.0004078303425774878
030083497	0.0004078303425774878
003193858	0.0004078303425774878
090980818	0.0004078303425774878
051416409	0.0004078303425774878
018473736	0.0004078303425774878
504302133	0.0004078303425774878
142192858	0.0004078303425774878
081138120	0.0004078303425774878
308180439	0.0004078303425774878
141399715	0.0004078303425774878
028940047	0.0004078303425774878
028141402	0.0004078303425774878
123789456	0.0004078303425774878
017275472	0.0004078303425774878
072729401	0.0004078303425774878
218767251	0.0004078303425774878
063134287	0.0004078303425774878
070733112	0.0004078303425774878
964670937	0.0004078303425774878
246157623	0.0004078303425774878
010468245	0.0004078303425774878
023114844	0.0004078303425774878
060212301	0.0004078303425774878
030323172	0.0004078303425774878
095064106	0.0004078303425774878
065154478	0.0004078303425774878
065293933	0.0004078303425774878
074334983	0.0004078303425774878
092591275	0.0004078303425774878
199038106	0.0004078303425774878
070773517	0.0004078303425774878
304331761	0.0004078303425774878
096878331	0.0004078303425774878
051859721	0.0004078303425774878
215233033	0.0004078303425774878
134595106	0.0004078303425774878
823322656	0.0004078303425774878
016903721	0.0004078303425774878
074471027	0.0004078303425774878
918672180	0.0004078303425774878
096712040	0.0004078303425774878
091787838	0.0004078303425774878
058448997	0.0004078303425774878
055589564	0.0004078303425774878
406157637	0.0004078303425774878
378592313	0.0004078303425774878
018551106	0.0004078303425774878
097577651	0.0004078303425774878
035695178	0.0004078303425774878
078774787	0.0004078303425774878
628329129	0.0004078303425774878
029825159	0.0004078303425774878
010556788	0.0004078303425774878
043371114	0.0004078303425774878
101255074	0.0004078303425774878
016461344	0.0004078303425774878
420355367	0.0004078303425774878
086819864	0.0004078303425774878
369215487	0.0004078303425774878
933434097	0.0004078303425774878
911083414	0.0004078303425774878
050599818	0.0004078303425774878
044410012	0.0004078303425774878
040222686	0.0004078303425774878
046072254	0.0004078303425774878
039321678	0.0004078303425774878
413520039	0.0004078303425774878
062157649	0.0004078303425774878
056411761	0.0004078303425774878
015939492	0.0004078303425774878
474669005	0.0004078303425774878
512002001	0.0004078303425774878
066313270	0.0004078303425774878
027470983	0.0004078303425774878
098023795	0.0004078303425774878
091844300	0.0004078303425774878
564934896	0.0004078303425774878
999333111	0.0004078303425774878
404833001	0.0004078303425774878
090458205	0.0004078303425774878
687259103	0.0004078303425774878
065811206	0.0004078303425774878
016846821	0.0004078303425774878
985873485	0.0004078303425774878
147258369	0.0004078303425774878
075230973	0.0004078303425774878
404091201	0.0004078303425774878
085767663	0.0004078303425774878
070588110	0.0004078303425774878
271181236	0.0004078303425774878
017500411	0.0004078303425774878
528979592	0.0004078303425774878
036187447	0.0004078303425774878
097995075	0.0004078303425774878
044247839	0.0004078303425774878
745834123	0.0004078303425774878
060386809	0.0004078303425774878
072119494	0.0004078303425774878
923910837	0.0004078303425774878
059231174	0.0004078303425774878
997421994	0.0004078303425774878
042230260	0.0004078303425774878
055451163	0.0004078303425774878
058473417	0.0004078303425774878
060368367	0.0004078303425774878
094313451	0.0004078303425774878
522923953	0.0004078303425774878
082371563	0.0004078303425774878
028623241	0.0004078303425774878
022860279	0.0004078303425774878
019667721	0.0004078303425774878
015635157	0.0004078303425774878
068852151	0.0004078303425774878
010388992	0.0004078303425774878
125317719	0.0004078303425774878
028488587	0.0004078303425774878
091434303	0.0004078303425774878
969271064	0.0004078303425774878
046515405	0.0004078303425774878
829291204	0.0004078303425774878
484272025	0.0004078303425774878
097895821	0.0004078303425774878
069466553	0.0004078303425774878
020559588	0.0004078303425774878
789409533	0.0004078303425774878
075259143	0.0004078303425774878
558467123	0.0004078303425774878
079515567	0.0004078303425774878
008111287	0.0004078303425774878
061474170	0.0004078303425774878
044533058	0.0004078303425774878
595069773	0.0004078303425774878
987852654	0.0004078303425774878
092580870	0.0004078303425774878
628211512	0.0004078303425774878
067462524	0.0004078303425774878
071270119	0.0004078303425774878
058191733	0.0004078303425774878
937196882	0.0004078303425774878
023743868	0.0004078303425774878
091226640	0.0004078303425774878
095083394	0.0004078303425774878
041539628	0.0004078303425774878
305299053	0.0004078303425774878
075357546	0.0004078303425774878
077204740	0.0004078303425774878
051840190	0.0004078303425774878
033318360	0.0004078303425774878
513042937	0.0004078303425774878
047939498	0.0004078303425774878
058962838	0.0004078303425774878
032345248	0.0004078303425774878
200418038	0.0004078303425774878
024270745	0.0004078303425774878
024281311	0.0004078303425774878
093568810	0.0004078303425774878
347347347	0.0004078303425774878
085774723	0.0004078303425774878
066351778	0.0004078303425774878
025136793	0.0004078303425774878
968506929	0.0004078303425774878
057811037	0.0004078303425774878
036187925	0.0004078303425774878
027097720	0.0004078303425774878
065154762	0.0004078303425774878
056745655	0.0004078303425774878
050755781	0.0004078303425774878
204685520	0.0004078303425774878
091037681	0.0004078303425774878
024159564	0.0004078303425774878
054362952	0.0004078303425774878
059090455	0.0004078303425774878
200210541	0.0004078303425774878
072992923	0.0004078303425774878
095917279	0.0004078303425774878
056535012	0.0004078303425774878
012024969	0.0004078303425774878
022437368	0.0004078303425774878
050501087	0.0004078303425774878
043382389	0.0004078303425774878
719456529	0.0004078303425774878
007909919	0.0004078303425774878
412536987	0.0004078303425774878
055813994	0.0004078303425774878
012825831	0.0004078303425774878
068565665	0.0004078303425774878
063069732	0.0004078303425774878
065474531	0.0004078303425774878
091348582	0.0004078303425774878
040905055	0.0004078303425774878
967482420	0.0004078303425774878
369963963	0.0004078303425774878
094065065	0.0004078303425774878
040185634	0.0004078303425774878
034613611	0.0004078303425774878
032511374	0.0004078303425774878
951090052	0.0004078303425774878
095505218	0.0004078303425774878
232952213	0.0004078303425774878
053830571	0.0004078303425774878
058895734	0.0004078303425774878
091517412	0.0004078303425774878
303138598	0.0004078303425774878
072225607	0.0004078303425774878
011929060	0.0004078303425774878
090253836	0.0004078303425774878
090569544	0.0004078303425774878
015897836	0.0004078303425774878
011819223	0.0004078303425774878
741951321	0.0004078303425774878
081766458	0.0004078303425774878
024151507	0.0004078303425774878
051494202	0.0004078303425774878
151547048	0.0004078303425774878
090557716	0.0004078303425774878
990104013	0.0004078303425774878
039339417	0.0004078303425774878
068417387	0.0004078303425774878
035552040	0.0004078303425774878
010090531	0.0004078303425774878
039190327	0.0004078303425774878
074063902	0.0004078303425774878
200950230	0.0004078303425774878
094355461	0.0004078303425774878
489103511	0.0004078303425774878
070335050	0.0004078303425774878
158881609	0.0004078303425774878
435791608	0.0004078303425774878
093893462	0.0004078303425774878
036530429	0.0004078303425774878
065442416	0.0004078303425774878
079054685	0.0004078303425774878
010954047	0.0004078303425774878
812191773	0.0004078303425774878
023832643	0.0004078303425774878
097938482	0.0004078303425774878
085336999	0.0004078303425774878
041314883	0.0004078303425774878
053277163	0.0004078303425774878
045649171	0.0004078303425774878
075271927	0.0004078303425774878
029724455	0.0004078303425774878
235122914	0.0004078303425774878
090124369	0.0004078303425774878
463700388	0.0004078303425774878
210561438	0.0004078303425774878
491010252	0.0004078303425774878
064213527	0.0004078303425774878
300049133	0.0004078303425774878
078096611	0.0004078303425774878
018354012	0.0004078303425774878
040060921	0.0004078303425774878
018409180	0.0004078303425774878
023288844	0.0004078303425774878
023290289	0.0004078303425774878
036151073	0.0004078303425774878
073826632	0.0004078303425774878
082768658	0.0004078303425774878
012899839	0.0004078303425774878
066782500	0.0004078303425774878
010055168	0.0004078303425774878
066468001	0.0004078303425774878
071994145	0.0004078303425774878
067178344	0.0004078303425774878
054632087	0.0004078303425774878
018892656	0.0004078303425774878
200607532	0.0004078303425774878
031487449	0.0004078303425774878
200176319	0.0004078303425774878
077555093	0.0004078303425774878
662315643	0.0004078303425774878
307269074	0.0004078303425774878
471021304	0.0004078303425774878
649619742	0.0004078303425774878
095705363	0.0004078303425774878
058784299	0.0004078303425774878
061251213	0.0004078303425774878
011798249	0.0004078303425774878
581253133	0.0004078303425774878
092706310	0.0004078303425774878
053368450	0.0004078303425774878
074721597	0.0004078303425774878
044612608	0.0004078303425774878
029655465	0.0004078303425774878
441021136	0.0004078303425774878
000262533	0.0004078303425774878
094689403	0.0004078303425774878
051277046	0.0004078303425774878
066798887	0.0004078303425774878
071701865	0.0004078303425774878
963466819	0.0004078303425774878
065453930	0.0004078303425774878
058855130	0.0004078303425774878
914366156	0.0004078303425774878
054382526	0.0004078303425774878
122040787	0.0004078303425774878
410140008	0.0004078303425774878
517231722	0.0004078303425774878
028707296	0.0004078303425774878
991824829	0.0004078303425774878
065852230	0.0004078303425774878
006933626	0.0004078303425774878
236172992	0.0004078303425774878
962890390	0.0004078303425774878
062848386	0.0004078303425774878
056544247	0.0004078303425774878
070609028	0.0004078303425774878
098868517	0.0004078303425774878
095764544	0.0004078303425774878
315118987	0.0004078303425774878
027311483	0.0004078303425774878
302093670	0.0004078303425774878
484155938	0.0004078303425774878
066844536	0.0004078303425774878
644187188	0.0004078303425774878
036212988	0.0004078303425774878
064024311	0.0004078303425774878
025733391	0.0004078303425774878
415755707	0.0004078303425774878
025421132	0.0004078303425774878
411944118	0.0004078303425774878
953161355	0.0004078303425774878
044821772	0.0004078303425774878
025238593	0.0004078303425774878
230865163	0.0004078303425774878
034352610	0.0004078303425774878
582879872	0.0004078303425774878
140619841	0.0004078303425774878
021371404	0.0004078303425774878
936517821	0.0004078303425774878
029472588	0.0004078303425774878
568284432	0.0004078303425774878
123271301	0.0004078303425774878
051346066	0.0004078303425774878
016619904	0.0004078303425774878
052202474	0.0004078303425774878
029640995	0.0004078303425774878
491797215	0.0004078303425774878
070768674	0.0004078303425774878
450974013	0.0004078303425774878
120027101	0.0004078303425774878
939980263	0.0004078303425774878
036543070	0.0004078303425774878
074799406	0.0004078303425774878
424323138	0.0004078303425774878
460440211	0.0004078303425774878
168906882	0.0004078303425774878
047578961	0.0004078303425774878
066562340	0.0004078303425774878
980626182	0.0004078303425774878
034846272	0.0004078303425774878
098522530	0.0004078303425774878
027598129	0.0004078303425774878
273869115	0.0004078303425774878
163519051	0.0004078303425774878
057062184	0.0004078303425774878
072751287	0.0004078303425774878
343582481	0.0004078303425774878
079614859	0.0004078303425774878
593363475	0.0004078303425774878
789321564	0.0004078303425774878
050958465	0.0004078303425774878
066229089	0.0004078303425774878
040331655	0.0004078303425774878
091805165	0.0004078303425774878
070899958	0.0004078303425774878
045272367	0.0004078303425774878
043580297	0.0004078303425774878
070428089	0.0004078303425774878
010608117	0.0004078303425774878
072304079	0.0004078303425774878
011486474	0.0004078303425774878
025386653	0.0004078303425774878
063101801	0.0004078303425774878
040149970	0.0004078303425774878
027037126	0.0004078303425774878
570978729	0.0004078303425774878
063170655	0.0004078303425774878
181412356	0.0004078303425774878
024908219	0.0004078303425774878
013986799	0.0004078303425774878
267864798	0.0004078303425774878
718506537	0.0004078303425774878
030150282	0.0004078303425774878
051667724	0.0004078303425774878
103455065	0.0004078303425774878
011025190	0.0004078303425774878
039457178	0.0004078303425774878
035243823	0.0004078303425774878
525252525	0.0004078303425774878
099313910	0.0004078303425774878
420101203	0.0004078303425774878
032398199	0.0004078303425774878
034235504	0.0004078303425774878
067439488	0.0004078303425774878
029291965	0.0004078303425774878
248638255	0.0004078303425774878
945010127	0.0004078303425774878
363194009	0.0004078303425774878
491153045	0.0004078303425774878
090499320	0.0004078303425774878
800276280	0.0004078303425774878
136918700	0.0004078303425774878
050614332	0.0004078303425774878
123001230	0.0004078303425774878
012220432	0.0004078303425774878
060201937	0.0004078303425774878
053982834	0.0004078303425774878
010293564	0.0004078303425774878
050753095	0.0004078303425774878
054625489	0.0004078303425774878
070972416	0.0004078303425774878
639303735	0.0004078303425774878
099486018	0.0004078303425774878
061985752	0.0004078303425774878
031789835	0.0004078303425774878
056761759	0.0004078303425774878
303940239	0.0004078303425774878
102451999	0.0004078303425774878
963214785	0.0004078303425774878
135102210	0.0004078303425774878
050415053	0.0004078303425774878
059022842	0.0004078303425774878
017716681	0.0004078303425774878
054310290	0.0004078303425774878
963000804	0.0004078303425774878
567352512	0.0004078303425774878
012688253	0.0004078303425774878
078455936	0.0004078303425774878
414613447	0.0004078303425774878
200712395	0.0004078303425774878
058110551	0.0004078303425774878
017066054	0.0004078303425774878
369852147	0.0004078303425774878
452667687	0.0004078303425774878
968282438	0.0004078303425774878
025269524	0.0004078303425774878
060286369	0.0004078303425774878
040481305	0.0004078303425774878
023944102	0.0004078303425774878
094558159	0.0004078303425774878
099676030	0.0004078303425774878
063352293	0.0004078303425774878
036268909	0.0004078303425774878
069221433	0.0004078303425774878
070153956	0.0004078303425774878
041195340	0.0004078303425774878
020011986	0.0004078303425774878
023746969	0.0004078303425774878
200142110	0.0004078303425774878
003747000	0.0004078303425774878
068421135	0.0004078303425774878
096384524	0.0004078303425774878
036175854	0.0004078303425774878
037172517	0.0004078303425774878
029147136	0.0004078303425774878
075345549	0.0004078303425774878
010212533	0.0004078303425774878
501010110	0.0004078303425774878
012064606	0.0004078303425774878
471111035	0.0004078303425774878
025134625	0.0004078303425774878
014580438	0.0004078303425774878
074422158	0.0004078303425774878
100400700	0.0004078303425774878
097022988	0.0004078303425774878
024626384	0.0004078303425774878
032374152	0.0004078303425774878
068201123	0.0004078303425774878
090419370	0.0004078303425774878
013025243	0.0004078303425774878
044514595	0.0004078303425774878
064835177	0.0004078303425774878
065598177	0.0004078303425774878
024553315	0.0004078303425774878
831018859	0.0004078303425774878
063920393	0.0004078303425774878
098355485	0.0004078303425774878
098152339	0.0004078303425774878
456938271	0.0004078303425774878
011771470	0.0004078303425774878
060122324	0.0004078303425774878
965184806	0.0004078303425774878
053699512	0.0004078303425774878
093556685	0.0004078303425774878
078251976	0.0004078303425774878
067622020	0.0004078303425774878
096788754	0.0004078303425774878
094690050	0.0004078303425774878
078274148	0.0004078303425774878
029186616	0.0004078303425774878
352987935	0.0004078303425774878
055358098	0.0004078303425774878
067425655	0.0004078303425774878
029214692	0.0004078303425774878
090086198	0.0004078303425774878
013677611	0.0004078303425774878
091155968	0.0004078303425774878
041308902	0.0004078303425774878
029596402	0.0004078303425774878
066684686	0.0004078303425774878
066436076	0.0004078303425774878
171384835	0.0004078303425774878
042207435	0.0004078303425774878
663513154	0.0004078303425774878
842658789	0.0004078303425774878
095563771	0.0004078303425774878
050630609	0.0004078303425774878
035211076	0.0004078303425774878
548621793	0.0004078303425774878
090915888	0.0004078303425774878
067552944	0.0004078303425774878
018914083	0.0004078303425774878
029521720	0.0004078303425774878
098639177	0.0004078303425774878
916554481	0.0004078303425774878
198406222	0.0004078303425774878
029174756	0.0004078303425774878
029923361	0.0004078303425774878
123571814	0.0004078303425774878
399342021	0.0004078303425774878
501725133	0.0004078303425774878
054415471	0.0004078303425774878
860159597	0.0004078303425774878
198002879	0.0004078303425774878
964106135	0.0004078303425774878
092078056	0.0004078303425774878
101954696	0.0004078303425774878
025850201	0.0004078303425774878
156191729	0.0004078303425774878
062833351	0.0004078303425774878
012766568	0.0004078303425774878
123484174	0.0004078303425774878
919765294	0.0004078303425774878
015717841	0.0004078303425774878
019767892	0.0004078303425774878
050995804	0.0004078303425774878
040241961	0.0004078303425774878
027267056	0.0004078303425774878
057455785	0.0004078303425774878
055457213	0.0004078303425774878
029621230	0.0004078303425774878
475305505	0.0004078303425774878
621238415	0.0004078303425774878
841084761	0.0004078303425774878
452792531	0.0004078303425774878
033110045	0.0004078303425774878
521521421	0.0004078303425774878
034816691	0.0004078303425774878
013353424	0.0004078303425774878
029144368	0.0004078303425774878
765276522	0.0004078303425774878
071115354	0.0004078303425774878
098170103	0.0004078303425774878
501031191	0.0004078303425774878
023831907	0.0004078303425774878
025251336	0.0004078303425774878
961244570	0.0004078303425774878
110840199	0.0004078303425774878
090587892	0.0004078303425774878
098873849	0.0004078303425774878
055551131	0.0004078303425774878
091243740	0.0004078303425774878
015829432	0.0004078303425774878
094335502	0.0004078303425774878
091141055	0.0004078303425774878
013388322	0.0004078303425774878
029622544	0.0004078303425774878
053808354	0.0004078303425774878
039362590	0.0004078303425774878
041558868	0.0004078303425774878
065676106	0.0004078303425774878
078424655	0.0004078303425774878
028021276	0.0004078303425774878
074210520	0.0004078303425774878
013348627	0.0004078303425774878
583015250	0.0004078303425774878
066544213	0.0004078303425774878
067016578	0.0004078303425774878
067967782	0.0004078303425774878
109715661	0.0004078303425774878
027477925	0.0004078303425774878
070383378	0.0004078303425774878
071112735	0.0004078303425774878
456654123	0.0004078303425774878
027530158	0.0004078303425774878
157580470	0.0004078303425774878
849677631	0.0004078303425774878
014049672	0.0004078303425774878
058595453	0.0004078303425774878
072060475	0.0004078303425774878
097783382	0.0004078303425774878
405051793	0.0004078303425774878
050994544	0.0004078303425774878
099309379	0.0004078303425774878
038446026	0.0004078303425774878
964029390	0.0004078303425774878
310319990	0.0004078303425774878
000314143	0.0004078303425774878
028154787	0.0004078303425774878
083785064	0.0004078303425774878
615482434	0.0004078303425774878
021519870	0.0004078303425774878
053737259	0.0004078303425774878
628162235	0.0004078303425774878
015955739	0.0004078303425774878
067289298	0.0004078303425774878
025940141	0.0004078303425774878
553263769	0.0004078303425774878
200176936	0.0004078303425774878
923340720	0.0004078303425774878
241212192	0.0004078303425774878
304590743	0.0004078303425774878
099543514	0.0004078303425774878
159632487	0.0004078303425774878
073351498	0.0004078303425774878
113627708	0.0004078303425774878
289907607	0.0004078303425774878
525214563	0.0004078303425774878
467112728	0.0004078303425774878
181606084	0.0004078303425774878
090058481	0.0004078303425774878
040271678	0.0004078303425774878
273247122	0.0004078303425774878
040177296	0.0004078303425774878
093838355	0.0004078303425774878
060022668	0.0004078303425774878
412571839	0.0004078303425774878
053297519	0.0004078303425774878
053429937	0.0004078303425774878
029793738	0.0004078303425774878
074498727	0.0004078303425774878
070491921	0.0004078303425774878
019014090	0.0004078303425774878
086612036	0.0004078303425774878
091200406	0.0004078303425774878
055542232	0.0004078303425774878
092230082	0.0004078303425774878
090699584	0.0004078303425774878
075100653	0.0004078303425774878
090723010	0.0004078303425774878
077522354	0.0004078303425774878
058818248	0.0004078303425774878
094379910	0.0004078303425774878
015852363	0.0004078303425774878
067858156	0.0004078303425774878
012884073	0.0004078303425774878
045028514	0.0004078303425774878
099420475	0.0004078303425774878
451417101	0.0004078303425774878
401011096	0.0004078303425774878
771991660	0.0004078303425774878
244412696	0.0004078303425774878
024155930	0.0004078303425774878
058862487	0.0004078303425774878
951753456	0.0004078303425774878
010292985	0.0004078303425774878
848517188	0.0004078303425774878
045630294	0.0004078303425774878
096549599	0.0004078303425774878
085939089	0.0004078303425774878
054933134	0.0004078303425774878
010425290	0.0004078303425774878
092251220	0.0004078303425774878
659378790	0.0004078303425774878
100081595	0.0004078303425774878
321010520	0.0004078303425774878
090229322	0.0004078303425774878
029912314	0.0004078303425774878
024133707	0.0004078303425774878
054316645	0.0004078303425774878
012091653	0.0004078303425774878
099770239	0.0004078303425774878
077541640	0.0004078303425774878
616301402	0.0004078303425774878
013038216	0.0004078303425774878
964707219	0.0004078303425774878
034399148	0.0004078303425774878
015347517	0.0004078303425774878
484435034	0.0004078303425774878
751953456	0.0004078303425774878
066752447	0.0004078303425774878
010563404	0.0004078303425774878
203792898	0.0004078303425774878
302005316	0.0004078303425774878
110690119	0.0004078303425774878
441011097	0.0004078303425774878
040594583	0.0004078303425774878
014598562	0.0004078303425774878
059276595	0.0004078303425774878
034848377	0.0004078303425774878
592240401	0.0004078303425774878
090994982	0.0004078303425774878
602017712	0.0004078303425774878
048028042	0.0004078303425774878
046862202	0.0004078303425774878
967738633	0.0004078303425774878
458877174	0.0004078303425774878
063328178	0.0004078303425774878
609704889	0.0004078303425774878
046499918	0.0004078303425774878
428698635	0.0004078303425774878
065770278	0.0004078303425774878
078669157	0.0004078303425774878
040430662	0.0004078303425774878
056121125	0.0004078303425774878
717301209	0.0004078303425774878
220199143	0.0004078303425774878
571452652	0.0004078303425774878
067065926	0.0004078303425774878
044282167	0.0004078303425774878
076264439	0.0004078303425774878
041394912	0.0004078303425774878
919274354	0.0004078303425774878
035196834	0.0004078303425774878
610221052	0.0004078303425774878
017341133	0.0004078303425774878
062089297	0.0004078303425774878
079556395	0.0004078303425774878
556574065	0.0004078303425774878
058089375	0.0004078303425774878
018979635	0.0004078303425774878
091801132	0.0004078303425774878
095688520	0.0004078303425774878
153268401	0.0004078303425774878
038700289	0.0004078303425774878
866666999	0.0004078303425774878
066811627	0.0004078303425774878
032441164	0.0004078303425774878
966115240	0.0004078303425774878
242653269	0.0004078303425774878
098397078	0.0004078303425774878
199327503	0.0004078303425774878
091864854	0.0004078303425774878
029364030	0.0004078303425774878
035258809	0.0004078303425774878
023616573	0.0004078303425774878
040418668	0.0004078303425774878
098156914	0.0004078303425774878
245654685	0.0004078303425774878
306579250	0.0004078303425774878
072269984	0.0004078303425774878
063579825	0.0004078303425774878
062452875	0.0004078303425774878
067123149	0.0004078303425774878
035672044	0.0004078303425774878
921053080	0.0004078303425774878
062400651	0.0004078303425774878
067397604	0.0004078303425774878
217310963	0.0004078303425774878
077511583	0.0004078303425774878
452892703	0.0004078303425774878
075343388	0.0004078303425774878
181403849	0.0004078303425774878
085955165	0.0004078303425774878
074722150	0.0004078303425774878
032470147	0.0004078303425774878
163062628	0.0004078303425774878
061993741	0.0004078303425774878
015448717	0.0004078303425774878
072686844	0.0004078303425774878
493043012	0.0004078303425774878
060911743	0.0004078303425774878
034381192	0.0004078303425774878
029675309	0.0004078303425774878
079028628	0.0004078303425774878
205090526	0.0004078303425774878
031644046	0.0004078303425774878
051071787	0.0004078303425774878
702450418	0.0004078303425774878
029394954	0.0004078303425774878
201014825	0.0004078303425774878
061030881	0.0004078303425774878
019777550	0.0004078303425774878
061938429	0.0004078303425774878
607504547	0.0004078303425774878
040620827	0.0004078303425774878
620367682	0.0004078303425774878
111747000	0.0004078303425774878
496025523	0.0004078303425774878
888188810	0.0004078303425774878
000331134	0.0004078303425774878
091225691	0.0004078303425774878
069356938	0.0004078303425774878
055473794	0.0004078303425774878
831180613	0.0004078303425774878
511228498	0.0004078303425774878
123789123	0.0004078303425774878
085096180	0.0004078303425774878
207850437	0.0004078303425774878
028965485	0.0004078303425774878
060146627	0.0004078303425774878
090017765	0.0004078303425774878
399824397	0.0004078303425774878
253420150	0.0004078303425774878
046843940	0.0004078303425774878
053246137	0.0004078303425774878
918542297	0.0004078303425774878
040322002	0.0004078303425774878
284594865	0.0004078303425774878
014513630	0.0004078303425774878
060145976	0.0004078303425774878
312129685	0.0004078303425774878
067689197	0.0004078303425774878
202234788	0.0004078303425774878
017742129	0.0004078303425774878
029272794	0.0004078303425774878
068865543	0.0004078303425774878
028906080	0.0004078303425774878
032611694	0.0004078303425774878
038513000	0.0004078303425774878
053584599	0.0004078303425774878
074216150	0.0004078303425774878
077920280	0.0004078303425774878
042295303	0.0004078303425774878
016892577	0.0004078303425774878
038521448	0.0004078303425774878
167172800	0.0004078303425774878
095684654	0.0004078303425774878
912544460	0.0004078303425774878
015544494	0.0004078303425774878
016881160	0.0004078303425774878
098583655	0.0004078303425774878
069899182	0.0004078303425774878
032282661	0.0004078303425774878
200269360	0.0004078303425774878
029771363	0.0004078303425774878
066403038	0.0004078303425774878
248735659	0.0004078303425774878
087150946	0.0004078303425774878
025100339	0.0004078303425774878
067385379	0.0004078303425774878
052635657	0.0004078303425774878
091336550	0.0004078303425774878
034498209	0.0004078303425774878
198601367	0.0004078303425774878
714991504	0.0004078303425774878
017770048	0.0004078303425774878
024105021	0.0004078303425774878
040744958	0.0004078303425774878
246693204	0.0004078303425774878
070032213	0.0004078303425774878
010477941	0.0004078303425774878
039375333	0.0004078303425774878
024549907	0.0004078303425774878
912952348	0.0004078303425774878
019711905	0.0004078303425774878
070204849	0.0004078303425774878
258456456	0.0004078303425774878
305303367	0.0004078303425774878
022126371	0.0004078303425774878
029100659	0.0004078303425774878
070821840	0.0004078303425774878
402217749	0.0004078303425774878
394555481	0.0004078303425774878
047109638	0.0004078303425774878
890807650	0.0004078303425774878
032452094	0.0004078303425774878
130924999	0.0004078303425774878
012611594	0.0004078303425774878
123456543	0.0004078303425774878
467815351	0.0004078303425774878
085593210	0.0004078303425774878
042610009	0.0004078303425774878
456814624	0.0004078303425774878
066027709	0.0004078303425774878
037512143	0.0004078303425774878
040933996	0.0004078303425774878
034732229	0.0004078303425774878
963892276	0.0004078303425774878
039327954	0.0004078303425774878
065415086	0.0004078303425774878
099869911	0.0004078303425774878
070380643	0.0004078303425774878
067301469	0.0004078303425774878
034321120	0.0004078303425774878
095919908	0.0004078303425774878
029579673	0.0004078303425774878
065433350	0.0004078303425774878
943213357	0.0004078303425774878
067826082	0.0004078303425774878
080297973	0.0004078303425774878
059241221	0.0004078303425774878
411534966	0.0004078303425774878
912402420	0.0004078303425774878
086222295	0.0004078303425774878
061530389	0.0004078303425774878
072019158	0.0004078303425774878
040006221	0.0004078303425774878
075230224	0.0004078303425774878
491310031	0.0004078303425774878
059959587	0.0004078303425774878
027489696	0.0004078303425774878
058381743	0.0004078303425774878
941148863	0.0004078303425774878
060603802	0.0004078303425774878
079561016	0.0004078303425774878
050113109	0.0004078303425774878
032051129	0.0004078303425774878
252456789	0.0004078303425774878
027082464	0.0004078303425774878
039456272	0.0004078303425774878
677050482	0.0004078303425774878
461753127	0.0004078303425774878
040274369	0.0004078303425774878
198211051	0.0004078303425774878
047104240	0.0004078303425774878
067110763	0.0004078303425774878
071245008	0.0004078303425774878
094704428	0.0004078303425774878
041394602	0.0004078303425774878
029304088	0.0004078303425774878
010446667	0.0004078303425774878
556632388	0.0004078303425774878
147369654	0.0004078303425774878
031233422	0.0004078303425774878
323229252	0.0004078303425774878
019820459	0.0004078303425774878
054494340	0.0004078303425774878
051336067	0.0004078303425774878
022424717	0.0004078303425774878
032337974	0.0004078303425774878
772000991	0.0004078303425774878
105141425	0.0004078303425774878
034281764	0.0004078303425774878
933115787	0.0004078303425774878
092386178	0.0004078303425774878
091883417	0.0004078303425774878
160643812	0.0004078303425774878
067533813	0.0004078303425774878
257733679	0.0004078303425774878
916462208	0.0004078303425774878
070441820	0.0004078303425774878
099351652	0.0004078303425774878
042432573	0.0004078303425774878
091213024	0.0004078303425774878
066340934	0.0004078303425774878
085937608	0.0004078303425774878
022157054	0.0004078303425774878
219134226	0.0004078303425774878
014240130	0.0004078303425774878
016148378	0.0004078303425774878
989931962	0.0004078303425774878
012321694	0.0004078303425774878
054331747	0.0004078303425774878
053399147	0.0004078303425774878
217578132	0.0004078303425774878
636124164	0.0004078303425774878
025214512	0.0004078303425774878
065883937	0.0004078303425774878
913390463	0.0004078303425774878
069959833	0.0004078303425774878
027736171	0.0004078303425774878
056014312	0.0004078303425774878
093124045	0.0004078303425774878
031528163	0.0004078303425774878
029959084	0.0004078303425774878
058603505	0.0004078303425774878
067652241	0.0004078303425774878
256126642	0.0004078303425774878
123678954	0.0004078303425774878
190519052	0.0004078303425774878
789905199	0.0004078303425774878
021040955	0.0004078303425774878
090447715	0.0004078303425774878
019962843	0.0004078303425774878
092125811	0.0004078303425774878
092478499	0.0004078303425774878
531087390	0.0004078303425774878
022776078	0.0004078303425774878
079690697	0.0004078303425774878
030520479	0.0004078303425774878
936690727	0.0004078303425774878
204327731	0.0004078303425774878
025664105	0.0004078303425774878
097474660	0.0004078303425774878
055421448	0.0004078303425774878
898327484	0.0004078303425774878
030312229	0.0004078303425774878
374739194	0.0004078303425774878
917994125	0.0004078303425774878
051007678	0.0004078303425774878
068164991	0.0004078303425774878
590144830	0.0004078303425774878
310520005	0.0004078303425774878
041802718	0.0004078303425774878
017051513	0.0004078303425774878
259895210	0.0004078303425774878
098207341	0.0004078303425774878
919174812	0.0004078303425774878
198406260	0.0004078303425774878
043881414	0.0004078303425774878
212376043	0.0004078303425774878
066436290	0.0004078303425774878
034562367	0.0004078303425774878
702030566	0.0004078303425774878
060270969	0.0004078303425774878
075463534	0.0004078303425774878
043340668	0.0004078303425774878
015606888	0.0004078303425774878
047881442	0.0004078303425774878
099138352	0.0004078303425774878
055559100	0.0004078303425774878
422236430	0.0004078303425774878
271992666	0.0004078303425774878
088742685	0.0004078303425774878
025512522	0.0004078303425774878
098595058	0.0004078303425774878
025034614	0.0004078303425774878
016030269	0.0004078303425774878
306086694	0.0004078303425774878
013867086	0.0004078303425774878
027581166	0.0004078303425774878
965415152	0.0004078303425774878
074326998	0.0004078303425774878
552393653	0.0004078303425774878
054836161	0.0004078303425774878
050501440	0.0004078303425774878
295902123	0.0004078303425774878
010274120	0.0004078303425774878
022808120	0.0004078303425774878
172371469	0.0004078303425774878
490810346	0.0004078303425774878
053899205	0.0004078303425774878
240519920	0.0004078303425774878
065679604	0.0004078303425774878
242751924	0.0004078303425774878
014153621	0.0004078303425774878
049085613	0.0004078303425774878
094082337	0.0004078303425774878
039008072	0.0004078303425774878
197047918	0.0004078303425774878
063177164	0.0004078303425774878
066599560	0.0004078303425774878
054321147	0.0004078303425774878
050079139	0.0004078303425774878
260919682	0.0004078303425774878
061425431	0.0004078303425774878
012542232	0.0004078303425774878
245391125	0.0004078303425774878
042265544	0.0004078303425774878
023343084	0.0004078303425774878
088808003	0.0004078303425774878
224431802	0.0004078303425774878
664123256	0.0004078303425774878
450815858	0.0004078303425774878
094896086	0.0004078303425774878
917386006	0.0004078303425774878
077570748	0.0004078303425774878
013335474	0.0004078303425774878
414737839	0.0004078303425774878
290908030	0.0004078303425774878
018762376	0.0004078303425774878
589967001	0.0004078303425774878
305199115	0.0004078303425774878
160006832	0.0004078303425774878
044658069	0.0004078303425774878
053983039	0.0004078303425774878
025163573	0.0004078303425774878
070568714	0.0004078303425774878
053960590	0.0004078303425774878
890905401	0.0004078303425774878
061690606	0.0004078303425774878
023692168	0.0004078303425774878
069998804	0.0004078303425774878
